0 3.50074e-05
0.00195312 8.09459e-05
0.00390625 3.89822e-05
0.00585938 8.03763e-05
0.0078125 0.000109226
0.00976562 0.000144942
0.0117188 0.000138379
0.0136719 9.05547e-05
0.015625 1.56327e-05
0.0175781 -5.14958e-06
0.0195312 0.000106873
0.0214844 0.000108483
0.0234375 6.45786e-05
0.0253906 0.000106512
0.0273438 8.04787e-05
0.0292969 9.35793e-05
0.03125 0.000125603
0.0332031 0.000161583
0.0351562 0.000175615
0.0371094 0.000173066
0.0390625 0.000201075
0.0410156 0.000198611
0.0429688 0.000301277
0.0449219 0.0002949
0.046875 0.000353339
0.0488281 0.000347382
0.0507812 0.000334415
0.0527344 0.000352666
0.0546875 0.000303695
0.0566406 0.000297101
0.0585938 0.000316003
0.0605469 0.000364196
0.0625 0.000299182
0.0644531 0.000264491
0.0664062 0.000280163
0.0683594 0.000247126
0.0703125 0.000302716
0.0722656 0.000290781
0.0742188 0.000270297
0.0761719 0.000233697
0.078125 0.000196498
0.0800781 0.000179691
0.0820312 0.000216669
0.0839844 0.000140979
0.0859375 0.000192316
0.0878906 0.000158648
0.0898438 0.000229398
0.0917969 0.000191675
0.09375 0.000189089
0.0957031 0.000174806
0.0976562 8.29285e-05
0.0996094 0.000124672
0.101562 4.9046e-05
0.103516 9.69703e-06
0.105469 3.22327e-05
0.107422 0.00011669
0.109375 9.20597e-05
0.111328 0.000140478
0.113281 0.000182568
0.115234 0.000273567
0.117188 0.000221866
0.119141 0.000247869
0.121094 0.00034773
0.123047 0.000355342
0.125 0.000332068
0.126953 0.000382715
0.128906 0.000365022
0.130859 0.000417507
0.132812 0.00035179
0.134766 0.000400673
0.136719 0.000400767
0.138672 0.000403563
0.140625 0.000458017
0.142578 0.000479925
0.144531 0.000487603
0.146484 0.000523944
0.148438 0.000578556
0.150391 0.000559913
0.152344 0.00053896
0.154297 0.000522762
0.15625 0.000468221
0.158203 0.000456703
0.160156 0.000483056
0.162109 0.000522901
0.164062 0.000513673
0.166016 0.000489288
0.167969 0.00056271
0.169922 0.000568456
0.171875 0.000565931
0.173828 0.000568573
0.175781 0.000550938
0.177734 0.000558502
0.179688 0.000522727
0.181641 0.000496582
0.183594 0.000484347
0.185547 0.000438301
0.1875 0.000462783
0.189453 0.000392946
0.191406 0.000432051
0.193359 0.000396092
0.195312 0.000435091
0.197266 0.000472927
0.199219 0.000511655
0.201172 0.000511644
0.203125 0.000557752
0.205078 0.000517174
0.207031 0.000559203
0.208984 0.000597188
0.210938 0.000655053
0.212891 0.000671219
0.214844 0.000695608
0.216797 0.000727231
0.21875 0.000695323
0.220703 0.000630836
0.222656 0.000664406
0.224609 0.00068914
0.226562 0.000663455
0.228516 0.000621753
0.230469 0.000591642
0.232422 0.000578712
0.234375 0.00062844
0.236328 0.000630455
0.238281 0.000630838
0.240234 0.000640336
0.242188 0.000723393
0.244141 0.000637788
0.246094 0.000573926
0.248047 0.000540377
0.25 0.000547286
0.251953 0.000461029
0.253906 0.000470746
0.255859 0.000444574
0.257812 0.000469981
0.259766 0.000429704
0.261719 0.000525625
0.263672 0.000544512
0.265625 0.000496411
0.267578 0.000592083
0.269531 0.000603337
0.271484 0.000601011
0.273438 0.000643227
0.275391 0.000592796
0.277344 0.000480278
0.279297 0.000505043
0.28125 0.000497585
0.283203 0.000453204
0.285156 0.00046298
0.287109 0.000472731
0.289062 0.000418626
0.291016 0.000489835
0.292969 0.000551329
0.294922 0.000564935
0.296875 0.00053798
0.298828 0.000577482
0.300781 0.000591102
0.302734 0.00055862
0.304688 0.000577916
0.306641 0.000601367
0.308594 0.000624174
0.310547 0.000606797
0.3125 0.000598016
0.314453 0.000691742
0.316406 0.000663136
0.318359 0.000645776
0.320312 0.000627417
0.322266 0.000649856
0.324219 0.000668593
0.326172 0.000672233
0.328125 0.00065978
0.330078 0.000630247
0.332031 0.000596505
0.333984 0.000589329
0.335938 0.000535563
0.337891 0.000503634
0.339844 0.000480023
0.341797 0.000439726
0.34375 0.000389711
0.345703 0.000402209
0.347656 0.000295006
0.349609 0.000320806
0.351562 0.000294126
0.353516 0.000299378
0.355469 0.00026483
0.357422 0.000260476
0.359375 0.000240472
0.361328 0.000262333
0.363281 0.000279088
0.365234 0.000235834
0.367188 0.000230526
0.369141 0.000208551
0.371094 0.000216669
0.373047 0.000203547
0.375 0.000287153
0.376953 0.000230709
0.378906 0.000190193
0.380859 0.000168917
0.382812 0.000153426
0.384766 0.000161501
0.386719 0.000153648
0.388672 0.000206259
0.390625 0.000169987
0.392578 0.000197152
0.394531 0.000184443
0.396484 0.000190638
0.398438 0.000176446
0.400391 0.00026702
0.402344 0.000284064
0.404297 0.000301921
0.40625 0.000265322
0.408203 0.000298016
0.410156 0.000273427
0.412109 0.000295646
0.414062 0.000290709
0.416016 0.000229692
0.417969 0.000258251
0.419922 0.00032855
0.421875 0.000336743
0.423828 0.000279997
0.425781 0.000294484
0.427734 0.000326266
0.429688 0.000359988
0.431641 0.000345398
0.433594 0.000327422
0.435547 0.000315602
0.4375 0.000406057
0.439453 0.00036127
0.441406 0.000308556
0.443359 0.000227021
0.445312 0.00019677
0.447266 0.000157988
0.449219 0.000158929
0.451172 0.000205458
0.453125 0.000248867
0.455078 0.000202064
0.457031 0.000263377
0.458984 0.000303978
0.460938 0.000357126
0.462891 0.000359543
0.464844 0.000345384
0.466797 0.000328895
0.46875 0.000368904
0.470703 0.000413945
0.472656 0.000421877
0.474609 0.000425181
0.476562 0.000437129
0.478516 0.000410138
0.480469 0.000363765
0.482422 0.0003765
0.484375 0.000400918
0.486328 0.0004028
0.488281 0.000377649
0.490234 0.000316958
0.492188 0.000301386
0.494141 0.000278004
0.496094 0.000274025
0.498047 0.00032455
0.5 0.000280521
0.501953 0.000277009
0.503906 0.000295337
0.505859 0.00024955
0.507812 0.000242124
0.509766 0.000167628
0.511719 0.000194384
0.513672 0.000136533
0.515625 0.000149667
0.517578 0.000146762
0.519531 0.000146073
0.521484 0.000187652
0.523438 0.000194035
0.525391 0.000208731
0.527344 0.000198414
0.529297 0.000238319
0.53125 0.000319504
0.533203 0.000286288
0.535156 0.000344135
0.537109 0.000354194
0.539062 0.000310947
0.541016 0.000227542
0.542969 0.000224247
0.544922 0.000233487
0.546875 0.000213761
0.548828 0.00018801
0.550781 0.000210093
0.552734 0.000257279
0.554688 0.000237763
0.556641 0.000138172
0.558594 0.000200647
0.560547 0.000233593
0.5625 0.000138555
0.564453 0.000146984
0.566406 0.000131377
0.568359 0.000117396
0.570312 0.000172569
0.572266 0.000171199
0.574219 0.000120328
0.576172 5.05911e-05
0.578125 6.58944e-05
0.580078 6.67855e-06
0.582031 -6.16084e-05
0.583984 -2.72465e-05
0.585938 -3.53967e-05
0.587891 2.70156e-05
0.589844 1.48119e-05
0.591797 -1.55173e-05
0.59375 1.66256e-05
0.595703 -3.60529e-05
0.597656 5.9396e-05
0.599609 -2.48993e-05
0.601562 -4.26521e-05
0.603516 -0.000124656
0.605469 -0.000101281
0.607422 -0.000157529
0.609375 -0.000124156
0.611328 -0.000133395
0.613281 -0.000122421
0.615234 -8.65643e-05
0.617188 -4.95247e-05
0.619141 -4.51906e-05
0.621094 -0.000141115
0.623047 -7.53022e-05
0.625 -0.000135683
0.626953 -0.000163114
0.628906 -0.000197303
0.630859 -0.000199419
0.632812 -0.000183704
0.634766 -0.000261099
0.636719 -0.00025175
0.638672 -0.000312774
0.640625 -0.000324551
0.642578 -0.00031847
0.644531 -0.000362896
0.646484 -0.000431888
0.648438 -0.000409747
0.650391 -0.000487007
0.652344 -0.000517804
0.654297 -0.000455376
0.65625 -0.000375669
0.658203 -0.000408327
0.660156 -0.000338264
0.662109 -0.000361753
0.664062 -0.000384915
0.666016 -0.000324474
0.667969 -0.000286644
0.669922 -0.000321407
0.671875 -0.000403506
0.673828 -0.000395539
0.675781 -0.00046181
0.677734 -0.000425736
0.679688 -0.000417745
0.681641 -0.0004548
0.683594 -0.000444785
0.685547 -0.000408007
0.6875 -0.000368283
0.689453 -0.000384185
0.691406 -0.000400483
0.693359 -0.000419719
0.695312 -0.000471891
0.697266 -0.000487036
0.699219 -0.000434782
0.701172 -0.00050697
0.703125 -0.000543133
0.705078 -0.00057227
0.707031 -0.000556986
0.708984 -0.000515681
0.710938 -0.000547234
0.712891 -0.000492766
0.714844 -0.000544744
0.716797 -0.000439996
0.71875 -0.000462233
0.720703 -0.000466859
0.722656 -0.000567416
0.724609 -0.000522238
0.726562 -0.000533674
0.728516 -0.000505753
0.730469 -0.000486344
0.732422 -0.000507059
0.734375 -0.000553592
0.736328 -0.000526003
0.738281 -0.000478788
0.740234 -0.000442647
0.742188 -0.000451687
0.744141 -0.000425146
0.746094 -0.000402777
0.748047 -0.000472963
0.75 -0.000511895
0.751953 -0.000478745
0.753906 -0.000452605
0.755859 -0.000389345
0.757812 -0.000363234
0.759766 -0.000323659
0.761719 -0.000346533
0.763672 -0.000360602
0.765625 -0.000390509
0.767578 -0.000515141
0.769531 -0.000497939
0.771484 -0.0005022
0.773438 -0.000585873
0.775391 -0.000635365
0.777344 -0.000616751
0.779297 -0.000641562
0.78125 -0.000538047
0.783203 -0.000557167
0.785156 -0.000492269
0.787109 -0.000466743
0.789062 -0.000433535
0.791016 -0.000409191
0.792969 -0.000383015
0.794922 -0.000400617
0.796875 -0.000349813
0.798828 -0.000300534
0.800781 -0.000313085
0.802734 -0.000286833
0.804688 -0.000344095
0.806641 -0.000300389
0.808594 -0.000369985
0.810547 -0.000321062
0.8125 -0.000278618
0.814453 -0.000306005
0.816406 -0.000360215
0.818359 -0.000423541
0.820312 -0.000425605
0.822266 -0.00038846
0.824219 -0.000403327
0.826172 -0.000373003
0.828125 -0.000437342
0.830078 -0.000407541
0.832031 -0.000374673
0.833984 -0.000402073
0.835938 -0.000342015
0.837891 -0.000293868
0.839844 -0.000273181
0.841797 -0.000247884
0.84375 -0.000218331
0.845703 -0.000227752
0.847656 -0.000269497
0.849609 -0.000375636
0.851562 -0.000434307
0.853516 -0.000406609
0.855469 -0.000469331
0.857422 -0.000465192
0.859375 -0.000441429
0.861328 -0.000543942
0.863281 -0.000596938
0.865234 -0.000577249
0.867188 -0.000516698
0.869141 -0.000497434
0.871094 -0.00054735
0.873047 -0.000477467
0.875 -0.000504308
0.876953 -0.000510885
0.878906 -0.000539902
0.880859 -0.000539745
0.882812 -0.000530481
0.884766 -0.000509332
0.886719 -0.000531242
0.888672 -0.000489777
0.890625 -0.00049115
0.892578 -0.000501526
0.894531 -0.000481456
0.896484 -0.000442385
0.898438 -0.000354045
0.900391 -0.000327964
0.902344 -0.000358651
0.904297 -0.00039944
0.90625 -0.000364356
0.908203 -0.000294082
0.910156 -0.000282858
0.912109 -0.000157989
0.914062 -0.000148669
0.916016 -0.000108602
0.917969 -4.44635e-05
0.919922 -5.98346e-05
0.921875 -0.00010586
0.923828 -0.000164286
0.925781 -0.000142669
0.927734 -0.000186505
0.929688 -0.000236439
0.931641 -0.00014931
0.933594 -0.000158352
0.935547 -0.000133106
0.9375 -9.71007e-05
0.939453 -0.00011702
0.941406 -0.000101204
0.943359 -1.75069e-05
0.945312 4.32039e-05
0.947266 -3.56053e-06
0.949219 8.52404e-06
0.951172 -3.69822e-05
0.953125 -4.87392e-05
0.955078 -1.2272e-05
0.957031 -6.7889e-06
0.958984 1.51909e-05
0.960938 -3.06073e-05
0.962891 -4.73267e-05
0.964844 -8.44825e-05
0.966797 -2.56549e-05
0.96875 3.73203e-05
0.970703 4.25105e-05
0.972656 5.60972e-05
0.974609 -3.9013e-06
0.976562 -4.9084e-05
0.978516 -2.91209e-05
0.980469 -9.4936e-06
0.982422 6.42426e-06
0.984375 8.65567e-05
0.986328 6.86634e-05
0.988281 2.98035e-05
0.990234 6.39073e-05
0.992188 -1.47563e-05
0.994141 2.57243e-05
0.996094 4.91833e-05
0.998047 9.57295e-05
