0 -0.0191999
0.000977517 -0.033054
0.00195503 -0.00399681
0.00293255 0.00623031
0.00391007 0.00952564
0.00488759 -0.0100191
0.0058651 -0.042317
0.00684262 -0.0120215
0.00782014 0.0468119
0.00879765 0.0231118
0.00977517 0.0378554
0.0107527 -0.00141321
0.0117302 0.0328359
0.0127077 0.0244007
0.0136852 0.00501636
0.0146628 -0.0207727
0.0156403 -0.0597849
0.0166178 -0.0592149
0.0175953 -0.11993
0.0185728 -0.118947
0.0195503 -0.140268
0.0205279 -0.157414
0.0215054 -0.1402
0.0224829 -0.117956
0.0234604 -0.109451
0.0244379 -0.0826656
0.0254154 -0.104042
0.026393 -0.0877376
0.0273705 -0.116341
0.028348 -0.158552
0.0293255 -0.128882
0.030303 -0.174645
0.0312805 -0.150093
0.0322581 -0.148374
0.0332356 -0.141897
0.0342131 -0.180994
0.0351906 -0.165101
0.0361681 -0.178764
0.0371457 -0.166917
0.0381232 -0.175207
0.0391007 -0.197276
0.0400782 -0.154564
0.0410557 -0.169637
0.0420332 -0.102782
0.0430108 -0.085
0.0439883 -0.11143
0.0449658 -0.0656556
0.0459433 -0.0802854
0.0469208 -0.073132
0.0478983 -0.113736
0.0488759 -0.194776
0.0498534 -0.147004
0.0508309 -0.214631
0.0518084 -0.188313
0.0527859 -0.218076
0.0537634 -0.255065
0.054741 -0.227228
0.0557185 -0.223578
0.056696 -0.21235
0.0576735 -0.192515
0.058651 -0.192912
0.0596285 -0.173564
0.0606061 -0.201381
0.0615836 -0.189367
0.0625611 -0.190621
0.0635386 -0.153588
0.0645161 -0.187584
0.0654936 -0.244035
0.0664712 -0.220765
0.0674487 -0.182796
0.0684262 -0.12542
0.0694037 -0.133593
0.0703812 -0.144648
0.0713587 -0.169475
0.0723363 -0.187585
0.0733138 -0.160902
0.0742913 -0.197122
0.0752688 -0.154919
0.0762463 -0.149808
0.0772239 -0.124302
0.0782014 -0.140069
0.0791789 -0.191396
0.0801564 -0.155072
0.0811339 -0.16477
0.0821114 -0.150406
0.083089 -0.0854986
0.0840665 -0.0502202
0.085044 -0.0560431
0.0860215 -0.0226286
0.086999 -0.0308562
0.0879765 -0.0598073
0.0889541 -0.0663891
0.0899316 -0.0820078
0.0909091 -0.0824401
0.0918866 -0.0906875
0.0928641 -0.106176
0.0938416 -0.0979484
0.0948192 -0.130148
0.0957967 -0.0563515
0.0967742 -0.0638434
0.0977517 -0.00497429
0.0987292 0.0247532
0.0997067 -0.0260829
0.100684 -0.00410554
0.101662 -0.0122312
0.102639 0.0181041
0.103617 0.016834
0.104594 0.0158895
0.105572 0.0511021
0.106549 0.0347453
0.107527 0.0259915
0.108504 0.104141
0.109482 0.113115
0.110459 0.119301
0.111437 0.163925
0.112414 0.18833
0.113392 0.185433
0.11437 0.23927
0.115347 0.242064
0.116325 0.284173
0.117302 0.27433
0.11828 0.298159
0.119257 0.277853
0.120235 0.282525
0.121212 0.259702
0.12219 0.319212
0.123167 0.343872
0.124145 0.355199
0.125122 0.335351
0.1261 0.32824
0.127077 0.350429
0.128055 0.347403
0.129032 0.339872
0.13001 0.326329
0.130987 0.351612
0.131965 0.342642
0.132942 0.295127
0.13392 0.319815
0.134897 0.380616
0.135875 0.366204
0.136852 0.361958
0.13783 0.383614
0.138807 0.32502
0.139785 0.366621
0.140762 0.373258
0.14174 0.352662
0.142717 0.346509
0.143695 0.319203
0.144673 0.307058
0.14565 0.266843
0.146628 0.248969
0.147605 0.194651
0.148583 0.13875
0.14956 0.0972866
0.150538 0.146968
0.151515 0.144151
0.152493 0.114035
0.15347 0.144396
0.154448 0.140273
0.155425 0.102353
0.156403 0.107754
0.15738 0.144169
0.158358 0.122717
0.159335 0.131775
0.160313 0.0852765
0.16129 0.0461257
0.162268 0.026759
0.163245 0.00584008
0.164223 0.041703
0.1652 0.039557
0.166178 0.060635
0.167155 0.08497
0.168133 0.0654764
0.16911 0.0486962
0.170088 0.0279819
0.171065 0.000501281
0.172043 -0.00993215
0.173021 -0.0111466
0.173998 -0.00795255
0.174976 -0.0514074
0.175953 -0.0483907
0.176931 -0.0472573
0.177908 -0.0547179
0.178886 -0.0865156
0.179863 -0.0736141
0.180841 -0.064422
0.181818 -0.0780952
0.182796 -0.089654
0.183773 -0.0814594
0.184751 -0.0692804
0.185728 -0.0324595
0.186706 -0.0389237
0.187683 -0.0200137
0.188661 -0.0257384
0.189638 -0.0162493
0.190616 -0.000366636
0.191593 0.0250253
0.192571 0.0477561
0.193548 0.0826309
0.194526 0.08806
0.195503 0.060777
0.196481 0.0689377
0.197458 0.0555317
0.198436 0.0961251
0.199413 0.101174
0.200391 0.0564583
0.201369 0.0985531
0.202346 0.157128
0.203324 0.140966
0.204301 0.195276
0.205279 0.203688
0.206256 0.211483
0.207234 0.240796
0.208211 0.225394
0.209189 0.244982
0.210166 0.221199
0.211144 0.207552
0.212121 0.189188
0.213099 0.199799
0.214076 0.234343
0.215054 0.22652
0.216031 0.198799
0.217009 0.20749
0.217986 0.154429
0.218964 0.135212
0.219941 0.0962483
0.220919 0.101619
0.221896 0.0795569
0.222874 0.104114
0.223851 0.123132
0.224829 0.123071
0.225806 0.0896317
0.226784 0.1404
0.227761 0.127161
0.228739 0.153762
0.229717 0.139257
0.230694 0.100851
0.231672 0.0585931
0.232649 0.0442127
0.233627 0.0341078
0.234604 0.0532347
0.235582 0.0785615
0.236559 0.106831
0.237537 0.132113
0.238514 0.197703
0.239492 0.200485
0.240469 0.217734
0.241447 0.248613
0.242424 0.186058
0.243402 0.194013
0.244379 0.176822
0.245357 0.175596
0.246334 0.175522
0.247312 0.187957
0.248289 0.143753
0.249267 0.139341
0.250244 0.124442
0.251222 0.110831
0.252199 0.127122
0.253177 0.116572
0.254154 0.0834439
0.255132 0.112674
0.256109 0.0863241
0.257087 0.0776365
0.258065 0.0824134
0.259042 0.0659645
0.26002 0.0648348
0.260997 0.0408265
0.261975 0.0166175
0.262952 0.0290919
0.26393 0.0217895
0.264907 0.0344132
0.265885 -0.000609045
0.266862 0.0373725
0.26784 0.00368816
0.268817 -0.000776631
0.269795 -0.0112692
0.270772 0.0158839
0.27175 -0.00752027
0.272727 0.039198
0.273705 0.0338659
0.274682 0.0336588
0.27566 0.0281105
0.276637 0.0602451
0.277615 0.0591815
0.278592 0.120567
0.27957 0.13145
0.280547 0.138636
0.281525 0.115226
0.282502 0.124959
0.28348 0.167024
0.284457 0.136389
0.285435 0.151013
0.286413 0.141841
0.28739 0.178656
0.288368 0.160281
0.289345 0.121846
0.290323 0.158337
0.2913 0.165592
0.292278 0.191863
0.293255 0.220697
0.294233 0.147141
0.29521 0.15772
0.296188 0.182573
0.297165 0.255319
0.298143 0.278096
0.29912 0.258829
0.300098 0.279094
0.301075 0.295867
0.302053 0.342471
0.30303 0.367243
0.304008 0.404071
0.304985 0.354078
0.305963 0.319062
0.30694 0.318466
0.307918 0.340197
0.308895 0.344219
0.309873 0.353105
0.31085 0.334054
0.311828 0.34568
0.312805 0.303246
0.313783 0.317636
0.314761 0.324828
0.315738 0.308905
0.316716 0.296162
0.317693 0.312261
0.318671 0.285549
0.319648 0.296533
0.320626 0.322753
0.321603 0.353649
0.322581 0.281011
0.323558 0.310549
0.324536 0.339511
0.325513 0.319034
0.326491 0.323773
0.327468 0.377971
0.328446 0.373948
0.329423 0.36491
0.330401 0.352105
0.331378 0.331112
0.332356 0.386695
0.333333 0.35456
0.334311 0.385316
0.335288 0.32595
0.336266 0.292231
0.337243 0.286775
0.338221 0.281394
0.339198 0.305928
0.340176 0.229659
0.341153 0.220133
0.342131 0.171035
0.343109 0.170679
0.344086 0.1759
0.345064 0.114786
0.346041 0.121347
0.347019 0.0832861
0.347996 0.103102
0.348974 0.0764302
0.349951 0.0865682
0.350929 0.0344032
0.351906 0.0712271
0.352884 0.0945626
0.353861 0.124153
0.354839 0.123414
0.355816 0.104616
0.356794 0.106035
0.357771 0.0896018
0.358749 0.117395
0.359726 0.0700314
0.360704 0.0520203
0.361681 0.00516217
0.362659 -0.0166204
0.363636 -0.00936804
0.364614 0.0186375
0.365591 0.0206447
0.366569 0.0158132
0.367546 0.00620379
0.368524 -0.0536453
0.369501 -0.0866143
0.370479 -0.0631246
0.371457 -0.00898018
0.372434 -0.0196984
0.373412 -0.00616213
0.374389 0.00811535
0.375367 0.0254863
0.376344 0.042308
0.377322 0.0178764
0.378299 0.0269264
0.379277 0.0378343
0.380254 0.087779
0.381232 0.0788414
0.382209 0.0957285
0.383187 0.0980375
0.384164 0.0658265
0.385142 -0.00569791
0.386119 0.0546464
0.387097 0.0760494
0.388074 0.0816352
0.389052 0.0882518
0.390029 0.0552239
0.391007 0.0327627
0.391984 0.0403005
0.392962 0.0593133
0.393939 0.0784492
0.394917 0.0877555
0.395894 0.0750277
0.396872 0.097304
0.397849 0.124557
0.398827 0.132022
0.399805 0.0908132
0.400782 0.114453
0.40176 0.107011
0.402737 0.080276
0.403715 0.0564119
0.404692 0.0225361
0.40567 -0.0133071
0.406647 -0.0090198
0.407625 -0.0505786
0.408602 -0.0992628
0.40958 -0.0987747
0.410557 -0.0666761
0.411535 -0.0708807
0.412512 -0.0523979
0.41349 -0.117005
0.414467 -0.17116
0.415445 -0.168477
0.416422 -0.160318
0.4174 -0.156964
0.418377 -0.162484
0.419355 -0.121418
0.420332 -0.15309
0.42131 -0.175979
0.422287 -0.195563
0.423265 -0.211261
0.424242 -0.20389
0.42522 -0.196353
0.426197 -0.208827
0.427175 -0.200033
0.428153 -0.18379
0.42913 -0.198014
0.430108 -0.174494
0.431085 -0.17034
0.432063 -0.219327
0.43304 -0.208025
0.434018 -0.243967
0.434995 -0.277511
0.435973 -0.283349
0.43695 -0.305444
0.437928 -0.298432
0.438905 -0.318533
0.439883 -0.359299
0.44086 -0.369386
0.441838 -0.378216
0.442815 -0.360581
0.443793 -0.383138
0.44477 -0.347977
0.445748 -0.330814
0.446725 -0.301006
0.447703 -0.29323
0.44868 -0.296916
0.449658 -0.319649
0.450635 -0.324922
0.451613 -0.326436
0.45259 -0.332372
0.453568 -0.354161
0.454545 -0.350767
0.455523 -0.427099
0.456501 -0.464479
0.457478 -0.451782
0.458456 -0.466611
0.459433 -0.477813
0.460411 -0.474697
0.461388 -0.4901
0.462366 -0.44937
0.463343 -0.503963
0.464321 -0.554073
0.465298 -0.620737
0.466276 -0.60667
0.467253 -0.57022
0.468231 -0.605373
0.469208 -0.634193
0.470186 -0.670288
0.471163 -0.64901
0.472141 -0.631293
0.473118 -0.663428
0.474096 -0.667732
0.475073 -0.61088
0.476051 -0.611654
0.477028 -0.605082
0.478006 -0.654527
0.478983 -0.662065
0.479961 -0.677677
0.480938 -0.645268
0.481916 -0.659947
0.482893 -0.619878
0.483871 -0.605453
0.484848 -0.639288
0.485826 -0.661033
0.486804 -0.687164
0.487781 -0.693741
0.488759 -0.670172
0.489736 -0.706684
0.490714 -0.674829
0.491691 -0.705263
0.492669 -0.681314
0.493646 -0.723037
0.494624 -0.720199
0.495601 -0.765155
0.496579 -0.753963
0.497556 -0.77272
0.498534 -0.787667
0.499511 -0.806126
0.500489 -0.818817
0.501466 -0.781381
0.502444 -0.719165
0.503421 -0.714658
0.504399 -0.74924
0.505376 -0.825531
0.506354 -0.892005
0.507331 -0.875016
0.508309 -0.850946
0.509286 -0.832905
0.510264 -0.821356
0.511241 -0.771518
0.512219 -0.774259
0.513196 -0.710021
0.514174 -0.696627
0.515152 -0.731637
0.516129 -0.709137
0.517107 -0.710319
0.518084 -0.638503
0.519062 -0.57747
0.520039 -0.643196
0.521017 -0.651946
0.521994 -0.592439
0.522972 -0.562046
0.523949 -0.516753
0.524927 -0.513207
0.525904 -0.507363
0.526882 -0.503283
0.527859 -0.45498
0.528837 -0.408081
0.529814 -0.415736
0.530792 -0.453472
0.531769 -0.44815
0.532747 -0.50917
0.533724 -0.51229
0.534702 -0.530798
0.535679 -0.521344
0.536657 -0.561702
0.537634 -0.574618
0.538612 -0.548857
0.539589 -0.479146
0.540567 -0.481084
0.541544 -0.466393
0.542522 -0.495729
0.5435 -0.512219
0.544477 -0.510677
0.545455 -0.504495
0.546432 -0.504952
0.54741 -0.532336
0.548387 -0.479135
0.549365 -0.479085
0.550342 -0.541406
0.55132 -0.576737
0.552297 -0.651463
0.553275 -0.664766
0.554252 -0.689048
0.55523 -0.656991
0.556207 -0.650088
0.557185 -0.593512
0.558162 -0.629457
0.55914 -0.641428
0.560117 -0.686579
0.561095 -0.728437
0.562072 -0.680679
0.56305 -0.709841
0.564027 -0.699247
0.565005 -0.708208
0.565982 -0.756006
0.56696 -0.8028
0.567937 -0.78075
0.568915 -0.823816
0.569892 -0.832403
0.57087 -0.813918
0.571847 -0.814523
0.572825 -0.807867
0.573803 -0.794492
0.57478 -0.751687
0.575758 -0.75451
0.576735 -0.74399
0.577713 -0.734798
0.57869 -0.720868
0.579668 -0.667236
0.580645 -0.627865
0.581623 -0.636639
0.5826 -0.644439
0.583578 -0.665567
0.584555 -0.676128
0.585533 -0.659031
0.58651 -0.620721
0.587488 -0.614155
0.588465 -0.654783
0.589443 -0.684636
0.59042 -0.681296
0.591398 -0.727065
0.592375 -0.759308
0.593353 -0.775001
0.59433 -0.755502
0.595308 -0.751527
0.596285 -0.77032
0.597263 -0.753753
0.59824 -0.724839
0.599218 -0.701717
0.600196 -0.672841
0.601173 -0.694173
0.602151 -0.729064
0.603128 -0.70467
0.604106 -0.674388
0.605083 -0.668685
0.606061 -0.674596
0.607038 -0.670983
0.608016 -0.627399
0.608993 -0.604782
0.609971 -0.632448
0.610948 -0.617373
0.611926 -0.619298
0.612903 -0.637765
0.613881 -0.650406
0.614858 -0.616901
0.615836 -0.633038
0.616813 -0.640666
0.617791 -0.616753
0.618768 -0.585666
0.619746 -0.594038
0.620723 -0.591719
0.621701 -0.608767
0.622678 -0.567892
0.623656 -0.614731
0.624633 -0.668038
0.625611 -0.679888
0.626588 -0.726973
0.627566 -0.717145
0.628543 -0.725285
0.629521 -0.705878
0.630499 -0.746331
0.631476 -0.76254
0.632454 -0.744615
0.633431 -0.711039
0.634409 -0.704814
0.635386 -0.711623
0.636364 -0.698907
0.637341 -0.689659
0.638319 -0.66134
0.639296 -0.687725
0.640274 -0.690326
0.641251 -0.694789
0.642229 -0.659347
0.643206 -0.651021
0.644184 -0.666179
0.645161 -0.646548
0.646139 -0.631454
0.647116 -0.633693
0.648094 -0.632596
0.649071 -0.610156
0.650049 -0.57661
0.651026 -0.583928
0.652004 -0.587737
0.652981 -0.549101
0.653959 -0.565669
0.654936 -0.55177
0.655914 -0.547114
0.656892 -0.572596
0.657869 -0.573524
0.658847 -0.59485
0.659824 -0.592816
0.660802 -0.576059
0.661779 -0.564194
0.662757 -0.563874
0.663734 -0.587632
0.664712 -0.571182
0.665689 -0.588936
0.666667 -0.56638
0.667644 -0.577061
0.668622 -0.539197
0.669599 -0.524406
0.670577 -0.505262
0.671554 -0.52382
0.672532 -0.513352
0.673509 -0.54152
0.674487 -0.547833
0.675464 -0.57716
0.676442 -0.588876
0.677419 -0.536008
0.678397 -0.508194
0.679374 -0.497703
0.680352 -0.490108
0.681329 -0.515389
0.682307 -0.532922
0.683284 -0.540398
0.684262 -0.611436
0.685239 -0.659965
0.686217 -0.680105
0.687195 -0.658532
0.688172 -0.708271
0.68915 -0.745856
0.690127 -0.700709
0.691105 -0.729688
0.692082 -0.705901
0.69306 -0.660179
0.694037 -0.645324
0.695015 -0.640625
0.695992 -0.645278
0.69697 -0.635289
0.697947 -0.623706
0.698925 -0.627937
0.699902 -0.61821
0.70088 -0.635382
0.701857 -0.67966
0.702835 -0.699872
0.703812 -0.678016
0.70479 -0.699769
0.705767 -0.669785
0.706745 -0.7
0.707722 -0.738312
0.7087 -0.766335
0.709677 -0.791726
0.710655 -0.780805
0.711632 -0.724703
0.71261 -0.719926
0.713587 -0.727471
0.714565 -0.733218
0.715542 -0.698472
0.71652 -0.713744
0.717498 -0.705054
0.718475 -0.706771
0.719453 -0.636045
0.72043 -0.64728
0.721408 -0.617632
0.722385 -0.6492
0.723363 -0.6088
0.72434 -0.650928
0.725318 -0.676801
0.726295 -0.662775
0.727273 -0.650881
0.72825 -0.635735
0.729228 -0.637992
0.730205 -0.658612
0.731183 -0.747217
0.73216 -0.632952
0.733138 -0.616864
0.734115 -0.570283
0.735093 -0.585483
0.73607 -0.56323
0.737048 -0.574788
0.738025 -0.666988
0.739003 -0.686521
0.73998 -0.694404
0.740958 -0.730036
0.741935 -0.703502
0.742913 -0.723117
0.743891 -0.700181
0.744868 -0.719087
0.745846 -0.708023
0.746823 -0.730265
0.747801 -0.760757
0.748778 -0.778802
0.749756 -0.773275
0.750733 -0.76104
0.751711 -0.751126
0.752688 -0.745594
0.753666 -0.729695
0.754643 -0.710953
0.755621 -0.688893
0.756598 -0.658765
0.757576 -0.605776
0.758553 -0.60791
0.759531 -0.57043
0.760508 -0.531864
0.761486 -0.541154
0.762463 -0.550627
0.763441 -0.532836
0.764418 -0.495891
0.765396 -0.542917
0.766373 -0.515099
0.767351 -0.507765
0.768328 -0.460836
0.769306 -0.495094
0.770283 -0.443496
0.771261 -0.443467
0.772238 -0.447275
0.773216 -0.464988
0.774194 -0.530644
0.775171 -0.490764
0.776149 -0.511937
0.777126 -0.567877
0.778104 -0.54118
0.779081 -0.520959
0.780059 -0.474133
0.781036 -0.521284
0.782014 -0.495
0.782991 -0.563986
0.783969 -0.562186
0.784946 -0.603719
0.785924 -0.559857
0.786901 -0.527506
0.787879 -0.533552
0.788856 -0.534275
0.789834 -0.547652
0.790811 -0.554251
0.791789 -0.570749
0.792766 -0.622343
0.793744 -0.61435
0.794721 -0.606983
0.795699 -0.650465
0.796676 -0.686511
0.797654 -0.657053
0.798631 -0.646031
0.799609 -0.682567
0.800587 -0.741259
0.801564 -0.717723
0.802542 -0.701992
0.803519 -0.712396
0.804497 -0.799399
0.805474 -0.78173
0.806452 -0.755378
0.807429 -0.758248
0.808407 -0.72458
0.809384 -0.71171
0.810362 -0.69828
0.811339 -0.667156
0.812317 -0.67078
0.813294 -0.697684
0.814272 -0.722162
0.815249 -0.71607
0.816227 -0.789534
0.817204 -0.798852
0.818182 -0.788809
0.819159 -0.791512
0.820137 -0.766694
0.821114 -0.743333
0.822092 -0.695139
0.823069 -0.690439
0.824047 -0.70407
0.825024 -0.659434
0.826002 -0.698584
0.826979 -0.706159
0.827957 -0.693225
0.828934 -0.691218
0.829912 -0.716809
0.83089 -0.668858
0.831867 -0.660012
0.832845 -0.639393
0.833822 -0.62328
0.8348 -0.674466
0.835777 -0.663035
0.836755 -0.735259
0.837732 -0.766007
0.83871 -0.783612
0.839687 -0.736392
0.840665 -0.741203
0.841642 -0.746054
0.84262 -0.746761
0.843597 -0.750816
0.844575 -0.76618
0.845552 -0.753523
0.84653 -0.736721
0.847507 -0.71231
0.848485 -0.734907
0.849462 -0.740247
0.85044 -0.706907
0.851417 -0.694903
0.852395 -0.669759
0.853372 -0.634353
0.85435 -0.629456
0.855327 -0.65023
0.856305 -0.662132
0.857283 -0.649225
0.85826 -0.639628
0.859238 -0.647225
0.860215 -0.739628
0.861193 -0.734857
0.86217 -0.790428
0.863148 -0.833297
0.864125 -0.877483
0.865103 -0.844623
0.86608 -0.850061
0.867058 -0.865592
0.868035 -0.874862
0.869013 -0.855186
0.86999 -0.873537
0.870968 -0.898911
0.871945 -0.89212
0.872923 -0.96905
0.8739 -0.981845
0.874878 -1.02789
0.875855 -1.04779
0.876833 -1.0696
0.87781 -1.08127
0.878788 -1.06764
0.879765 -1.09327
0.880743 -1.07654
0.88172 -1.03563
0.882698 -1.0595
0.883675 -1.05534
0.884653 -1.03927
0.88563 -1.0594
0.886608 -1.0552
0.887586 -1.05748
0.888563 -1.03198
0.889541 -1.04633
0.890518 -1.07516
0.891496 -1.07148
0.892473 -1.02241
0.893451 -1.00298
0.894428 -0.989825
0.895406 -1.02293
0.896383 -1.01909
0.897361 -1.0106
0.898338 -0.993675
0.899316 -1.0032
0.900293 -1.00783
0.901271 -0.981856
0.902248 -0.977054
0.903226 -1.01099
0.904203 -0.974402
0.905181 -0.94058
0.906158 -0.940601
0.907136 -0.909435
0.908113 -0.89479
0.909091 -0.903188
0.910068 -0.895084
0.911046 -0.947846
0.912023 -0.892504
0.913001 -0.900436
0.913979 -0.908587
0.914956 -0.928874
0.915934 -0.966636
0.916911 -0.975007
0.917889 -0.928545
0.918866 -0.916664
0.919844 -0.87743
0.920821 -0.877784
0.921799 -0.874721
0.922776 -0.859107
0.923754 -0.92036
0.924731 -0.901023
0.925709 -0.866061
0.926686 -0.853625
0.927664 -0.857932
0.928641 -0.904832
0.929619 -0.902311
0.930596 -0.924583
0.931574 -0.860977
0.932551 -0.859698
0.933529 -0.868507
0.934506 -0.828155
0.935484 -0.858595
0.936461 -0.853312
0.937439 -0.849847
0.938416 -0.889211
0.939394 -0.921568
0.940371 -0.93855
0.941349 -0.927294
0.942326 -0.970951
0.943304 -0.97225
0.944282 -0.960956
0.945259 -0.959506
0.946237 -0.974646
0.947214 -0.899849
0.948192 -0.871785
0.949169 -0.897542
0.950147 -0.930782
0.951124 -0.975218
0.952102 -0.923117
0.953079 -0.983174
0.954057 -0.941216
0.955034 -0.94624
0.956012 -0.923181
0.956989 -0.945463
0.957967 -0.934694
0.958944 -0.924263
0.959922 -0.892424
0.960899 -0.909162
0.961877 -0.946386
0.962854 -0.923969
0.963832 -0.939799
0.964809 -0.954332
0.965787 -1.01978
0.966764 -1.06894
0.967742 -1.08286
0.968719 -1.09964
0.969697 -1.1471
0.970675 -1.13988
0.971652 -1.15271
0.97263 -1.13362
0.973607 -1.13374
0.974585 -1.13914
0.975562 -1.09167
0.97654 -1.06048
0.977517 -1.04745
0.978495 -1.06436
0.979472 -1.02112
0.98045 -1.06204
0.981427 -1.09727
0.982405 -1.09856
0.983382 -1.05338
0.98436 -1.08941
0.985337 -1.1706
0.986315 -1.17823
0.987292 -1.18404
0.98827 -1.15329
0.989247 -1.1409
0.990225 -1.14644
0.991202 -1.15605
0.99218 -1.12715
0.993157 -1.1465
0.994135 -1.10124
0.995112 -1.06406
0.99609 -1.08401
0.997067 -1.10677
0.998045 -1.07409
0.999022 -1.07248
1 -1.06009
