0 0.191416
0.000977517 0.507228
0.00195503 0.714305
0.00293255 0.386739
0.00391007 0.464106
0.00488759 -0.0149064
0.0058651 0.167044
0.00684262 0.135164
0.00782014 -0.191918
0.00879765 -0.306879
0.00977517 -0.579914
0.0107527 -0.239415
0.0117302 0.133035
0.0127077 -0.201065
0.0136852 0.0722312
0.0146628 0.0863287
0.0156403 0.19428
0.0166178 0.458888
0.0175953 -0.0997334
0.0185728 0.228092
0.0195503 -0.162869
0.0205279 0.289213
0.0215054 0.199572
0.0224829 0.037192
0.0234604 -0.119718
0.0244379 0.14791
0.0254154 0.00826891
0.026393 -0.054335
0.0273705 0.0274254
0.028348 0.208937
0.0293255 -0.0851381
0.030303 -0.348468
0.0312805 0.103475
0.0322581 -0.0135498
0.0332356 -0.278252
0.0342131 -0.351632
0.0351906 -0.816883
0.0361681 -0.157659
0.0371457 -0.306165
0.0381232 0.177912
0.0391007 -0.260654
0.0400782 -0.0198184
0.0410557 0.0199814
0.0420332 0.494594
0.0430108 0.395055
0.0439883 0.508644
0.0449658 0.348379
0.0459433 0.389628
0.0469208 0.141795
0.0478983 0.149466
0.0488759 0.489799
0.0498534 0.515243
0.0508309 0.357514
0.0518084 0.0254353
0.0527859 -0.0744329
0.0537634 -0.345965
0.054741 0.117866
0.0557185 0.17336
0.056696 -0.141907
0.0576735 -0.197993
0.058651 0.167005
0.0596285 0.160965
0.0606061 0.0754709
0.0615836 -0.0344754
0.0625611 0.0379772
0.0635386 -0.0323666
0.0645161 -0.0250882
0.0654936 -0.241028
0.0664712 -0.0654554
0.0674487 -0.515396
0.0684262 -0.177182
0.0694037 -0.668125
0.0703812 -0.480262
0.0713587 -0.281382
0.0723363 -0.63449
0.0733138 -0.986832
0.0742913 -0.311816
0.0752688 -0.626802
0.0762463 -0.302095
0.0772239 -0.376769
0.0782014 -0.558756
0.0791789 -0.526061
0.0801564 -0.318603
0.0811339 -0.0485694
0.0821114 -0.259892
0.083089 -0.286475
0.0840665 -0.307194
0.085044 -0.321954
0.0860215 -0.148568
0.086999 -0.358648
0.0879765 -0.576302
0.0889541 -0.552284
0.0899316 -0.334154
0.0909091 -0.37631
0.0918866 -0.259939
0.0928641 -0.4024
0.0938416 -0.540344
0.0948192 -0.1118
0.0957967 0.0352942
0.0967742 -0.0465279
0.0977517 0.441763
0.0987292 0.211742
0.0997067 0.0354871
0.100684 0.510048
0.101662 0.131988
0.102639 0.213305
0.103617 -0.140366
0.104594 0.0934511
0.105572 -0.142327
0.106549 -0.553871
0.107527 0.21732
0.108504 -0.0762237
0.109482 0.308551
0.110459 0.17788
0.111437 -0.0764162
0.112414 -0.152186
0.113392 -0.125515
0.11437 0.0419474
0.115347 0.149673
0.116325 -0.0647591
0.117302 0.478114
0.11828 0.200443
0.119257 0.135386
0.120235 0.0554739
0.121212 0.470524
0.12219 -0.0555601
0.123167 -0.226347
0.124145 0.267574
0.125122 0.310181
0.1261 -0.0994034
0.127077 0.106536
0.128055 0.246404
0.129032 0.294571
0.13001 -0.0611994
0.130987 0.127174
0.131965 0.306798
0.132942 0.76692
0.13392 0.193297
0.134897 0.166737
0.135875 0.12105
0.136852 0.327976
0.13783 -0.316576
0.138807 -0.161311
0.139785 -0.40364
0.140762 -0.0317511
0.14174 0.131779
0.142717 0.0263898
0.143695 0.21248
0.144673 -0.186748
0.14565 0.305452
0.146628 -0.349485
0.147605 -0.367464
0.148583 -0.212266
0.14956 0.00560032
0.150538 0.183205
0.151515 0.128853
0.152493 0.496255
0.15347 0.0809269
0.154448 0.20006
0.155425 0.134014
0.156403 -0.0910258
0.15738 0.354658
0.158358 0.287915
0.159335 0.274107
0.160313 0.504151
0.16129 0.397297
0.162268 0.216347
0.163245 0.176633
0.164223 0.318035
0.1652 0.372681
0.166178 0.492689
0.167155 0.590284
0.168133 0.487934
0.16911 0.708346
0.170088 0.165341
0.171065 0.212607
0.172043 0.492062
0.173021 0.422337
0.173998 0.842278
0.174976 0.831985
0.175953 1.05262
0.176931 0.868731
0.177908 0.689315
0.178886 1.00599
0.179863 1.00101
0.180841 0.914343
0.181818 0.918168
0.182796 0.795721
0.183773 0.568645
0.184751 0.876466
0.185728 0.641672
0.186706 0.491551
0.187683 0.56389
0.188661 0.600925
0.189638 0.572337
0.190616 0.186348
0.191593 0.530877
0.192571 0.754757
0.193548 1.15011
0.194526 0.995243
0.195503 0.708623
0.196481 0.634474
0.197458 0.783873
0.198436 0.652111
0.199413 0.669863
0.200391 0.645208
0.201369 0.882588
0.202346 0.601779
0.203324 0.32829
0.204301 0.262537
0.205279 0.493593
0.206256 0.725074
0.207234 0.819456
0.208211 0.324631
0.209189 0.347893
0.210166 0.469162
0.211144 0.560152
0.212121 0.328873
0.213099 0.516929
0.214076 0.236748
0.215054 0.326913
0.216031 0.179865
0.217009 0.402447
0.217986 0.429716
0.218964 0.324754
0.219941 0.320085
0.220919 0.189903
0.221896 0.278833
0.222874 0.559481
0.223851 0.503974
0.224829 0.229417
0.225806 0.340488
0.226784 0.433015
0.227761 0.135813
0.228739 0.0631156
0.229717 0.300093
0.230694 0.222779
0.231672 0.353863
0.232649 0.11919
0.233627 0.139831
0.234604 -0.083072
0.235582 0.364875
0.236559 -0.300523
0.237537 0.126969
0.238514 0.375605
0.239492 0.11161
0.240469 0.118745
0.241447 0.242571
0.242424 0.223337
0.243402 0.184762
0.244379 0.144327
0.245357 -0.0312838
0.246334 0.34791
0.247312 0.410126
0.248289 0.22487
0.249267 0.553842
0.250244 0.365823
0.251222 0.4363
0.252199 0.234323
0.253177 0.027603
0.254154 0.225182
0.255132 0.340142
0.256109 0.115399
0.257087 -0.0795352
0.258065 0.209397
0.259042 0.224215
0.26002 -0.0662235
0.260997 0.0684936
0.261975 -0.00525182
0.262952 -0.122151
0.26393 0.117906
0.264907 -0.0977996
0.265885 0.0387393
0.266862 0.21844
0.26784 0.21161
0.268817 -0.205348
0.269795 0.243223
0.270772 0.643608
0.27175 0.416003
0.272727 0.168024
0.273705 0.415082
0.274682 0.333999
0.27566 0.29956
0.276637 0.536493
0.277615 0.407065
0.278592 0.33955
0.27957 0.0968417
0.280547 0.52994
0.281525 0.243955
0.282502 0.413249
0.28348 0.430713
0.284457 0.121685
0.285435 0.303695
0.286413 -0.00496315
0.28739 0.197443
0.288368 -0.18659
0.289345 0.0725862
0.290323 0.565147
0.2913 -0.153151
0.292278 0.351965
0.293255 0.460761
0.294233 0.178592
0.29521 0.243109
0.296188 0.00403733
0.297165 0.170416
0.298143 -0.422054
0.29912 -0.285497
0.300098 0.163689
0.301075 0.460704
0.302053 0.008677
0.30303 -0.216426
0.304008 -0.271846
0.304985 0.0558994
0.305963 -0.20957
0.30694 -0.500887
0.307918 -0.519467
0.308895 -0.654413
0.309873 -0.606223
0.31085 -0.529931
0.311828 -0.192993
0.312805 -0.774257
0.313783 -0.437528
0.314761 -0.693498
0.315738 -0.226599
0.316716 -0.0683331
0.317693 0.114897
0.318671 -0.0259811
0.319648 -0.0839183
0.320626 -0.208757
0.321603 -0.341356
0.322581 -0.563157
0.323558 -0.243042
0.324536 -0.0304284
0.325513 -0.334511
0.326491 0.0596436
0.327468 -0.137235
0.328446 0.0872878
0.329423 0.255043
0.330401 0.348605
0.331378 0.00672131
0.332356 0.163191
0.333333 -0.105746
0.334311 0.0900077
0.335288 0.00498608
0.336266 -0.0843248
0.337243 -0.00913534
0.338221 0.391364
0.339198 -0.0846379
0.340176 0.419375
0.341153 0.217407
0.342131 0.254144
0.343109 0.471828
0.344086 0.293658
0.345064 0.22145
0.346041 0.5868
0.347019 0.00326634
0.347996 0.15547
0.348974 0.397794
0.349951 0.461602
0.350929 0.474364
0.351906 0.134093
0.352884 0.567069
0.353861 0.262178
0.354839 -0.202695
0.355816 0.362371
0.356794 0.335762
0.357771 0.661654
0.358749 0.343831
0.359726 -0.0975453
0.360704 -0.0946563
0.361681 0.0938444
0.362659 0.22643
0.363636 0.190234
0.364614 -0.362195
0.365591 -0.252254
0.366569 0.334945
0.367546 -0.247076
0.368524 -0.0111366
0.369501 0.390055
0.370479 0.181807
0.371457 0.353549
0.372434 0.0244849
0.373412 0.0286682
0.374389 0.322799
0.375367 0.45297
0.376344 0.487602
0.377322 0.326739
0.378299 -0.0822546
0.379277 0.186706
0.380254 0.11218
0.381232 0.55972
0.382209 0.336009
0.383187 0.552203
0.384164 0.440034
0.385142 0.730012
0.386119 0.518482
0.387097 0.426386
0.388074 0.297456
0.389052 0.683323
0.390029 0.623753
0.391007 0.303686
0.391984 0.24631
0.392962 0.497433
0.393939 1.09889
0.394917 0.811857
0.395894 0.575057
0.396872 0.709411
0.397849 0.919011
0.398827 1.00401
0.399805 0.872694
0.400782 0.396279
0.40176 0.586301
0.402737 0.943389
0.403715 0.693294
0.404692 0.749806
0.40567 0.809054
0.406647 0.25871
0.407625 0.478488
0.408602 0.964306
0.40958 0.965637
0.410557 0.677817
0.411535 1.06409
0.412512 0.750644
0.41349 0.995983
0.414467 1.09115
0.415445 0.77635
0.416422 0.639693
0.4174 0.830205
0.418377 1.16954
0.419355 0.875235
0.420332 0.69302
0.42131 0.448036
0.422287 0.381793
0.423265 0.526108
0.424242 0.34427
0.42522 0.537039
0.426197 0.50745
0.427175 0.324074
0.428153 0.343613
0.42913 0.322457
0.430108 0.222012
0.431085 0.151665
0.432063 0.227898
0.43304 0.295373
0.434018 0.279318
0.434995 0.528323
0.435973 0.373723
0.43695 0.227857
0.437928 0.232303
0.438905 0.0918909
0.439883 0.188405
0.44086 0.287792
0.441838 0.547071
0.442815 0.56777
0.443793 0.629752
0.44477 0.538876
0.445748 0.244818
0.446725 0.187655
0.447703 0.27548
0.44868 0.310868
0.449658 0.524521
0.450635 0.394952
0.451613 0.348313
0.45259 0.414337
0.453568 0.702273
0.454545 0.717082
0.455523 0.578322
0.456501 1.27612
0.457478 1.01625
0.458456 0.726785
0.459433 0.793309
0.460411 0.904158
0.461388 0.617264
0.462366 0.99517
0.463343 1.13032
0.464321 0.929872
0.465298 0.660116
0.466276 0.809397
0.467253 0.553252
0.468231 0.630096
0.469208 0.785667
0.470186 0.580314
0.471163 0.745539
0.472141 1.0138
0.473118 0.658699
0.474096 0.992141
0.475073 1.01699
0.476051 0.929944
0.477028 1.14776
0.478006 0.798099
0.478983 1.25527
0.479961 0.866023
0.480938 0.491615
0.481916 0.475881
0.482893 0.295061
0.483871 0.700712
0.484848 0.683745
0.485826 0.397169
0.486804 0.809729
0.487781 0.730008
0.488759 0.309174
0.489736 0.222363
0.490714 0.324891
0.491691 0.343733
0.492669 0.323761
0.493646 0.573425
0.494624 0.419285
0.495601 0.373268
0.496579 0.602991
0.497556 0.504464
0.498534 0.819595
0.499511 0.523069
0.500489 0.672705
0.501466 0.529537
0.502444 0.365927
0.503421 0.185919
0.504399 0.511053
0.505376 0.189136
0.506354 0.542678
0.507331 0.365775
0.508309 0.228923
0.509286 0.0878908
0.510264 -0.0183066
0.511241 0.0497495
0.512219 0.432179
0.513196 0.131643
0.514174 0.311116
0.515152 0.0409597
0.516129 0.146443
0.517107 0.262589
0.518084 0.532305
0.519062 0.49861
0.520039 0.602551
0.521017 0.981142
0.521994 1.097
0.522972 1.38194
0.523949 0.799163
0.524927 1.03997
0.525904 0.75998
0.526882 1.38643
0.527859 0.711627
0.528837 0.711066
0.529814 0.409791
0.530792 0.483632
0.531769 0.549905
0.532747 0.54155
0.533724 0.887101
0.534702 0.664215
0.535679 0.700294
0.536657 0.93895
0.537634 0.776092
0.538612 0.839603
0.539589 0.933982
0.540567 0.720588
0.541544 0.979589
0.542522 0.576217
0.5435 0.747882
0.544477 0.382102
0.545455 0.313187
0.546432 0.560875
0.54741 0.50063
0.548387 0.655022
0.549365 0.652694
0.550342 0.825621
0.55132 0.962709
0.552297 0.755791
0.553275 1.02242
0.554252 1.01951
0.55523 1.53502
0.556207 1.10063
0.557185 0.640176
0.558162 1.0168
0.55914 0.772143
0.560117 1.22247
0.561095 1.21208
0.562072 1.40458
0.56305 1.07069
0.564027 1.22662
0.565005 1.2606
0.565982 1.18933
0.56696 0.961988
0.567937 0.892704
0.568915 0.619663
0.569892 0.786994
0.57087 0.679657
0.571847 0.74824
0.572825 0.943378
0.573803 0.789102
0.57478 0.984692
0.575758 0.903037
0.576735 0.895365
0.577713 0.611575
0.57869 0.610766
0.579668 0.565444
0.580645 0.49226
0.581623 0.554349
0.5826 0.714914
0.583578 0.655794
0.584555 0.549064
0.585533 0.426193
0.58651 0.153329
0.587488 0.603368
0.588465 0.852715
0.589443 -0.0127219
0.59042 0.529793
0.591398 0.463021
0.592375 0.803829
0.593353 0.509564
0.59433 0.840796
0.595308 0.526831
0.596285 0.285375
0.597263 0.124532
0.59824 -0.0323835
0.599218 0.208945
0.600196 0.398721
0.601173 0.324687
0.602151 0.0356157
0.603128 0.284124
0.604106 0.220733
0.605083 -0.0704973
0.606061 0.537417
0.607038 0.415841
0.608016 0.570557
0.608993 0.776982
0.609971 0.755169
0.610948 1.099
0.611926 0.804793
0.612903 0.713017
0.613881 1.03941
0.614858 1.16341
0.615836 0.811902
0.616813 0.677747
0.617791 0.923814
0.618768 0.570683
0.619746 1.05261
0.620723 0.987534
0.621701 0.759146
0.622678 0.894178
0.623656 0.833055
0.624633 0.858546
0.625611 0.702872
0.626588 0.759062
0.627566 0.967952
0.628543 0.698838
0.629521 0.804556
0.630499 0.974822
0.631476 0.798015
0.632454 1.08972
0.633431 0.55066
0.634409 0.879282
0.635386 0.465368
0.636364 0.549086
0.637341 0.43703
0.638319 0.860438
0.639296 0.453862
0.640274 0.580882
0.641251 0.851038
0.642229 0.56382
0.643206 0.689832
0.644184 0.810251
0.645161 0.835106
0.646139 0.574354
0.647116 0.358611
0.648094 0.765696
0.649071 0.651925
0.650049 0.476024
0.651026 0.487104
0.652004 0.213752
0.652981 0.415417
0.653959 0.645907
0.654936 0.589625
0.655914 1.05908
0.656892 0.53431
0.657869 0.316928
0.658847 0.666499
0.659824 0.475021
0.660802 0.239845
0.661779 0.530486
0.662757 0.319662
0.663734 0.529734
0.664712 0.804301
0.665689 0.468146
0.666667 0.619234
0.667644 0.575642
0.668622 0.401225
0.669599 0.523327
0.670577 -0.121683
0.671554 0.103082
0.672532 0.20553
0.673509 0.571747
0.674487 0.594645
0.675464 0.784595
0.676442 0.692418
0.677419 0.898862
0.678397 0.757042
0.679374 0.777934
0.680352 0.440558
0.681329 0.782824
0.682307 0.375939
0.683284 0.202929
0.684262 -0.0937729
0.685239 0.237226
0.686217 -0.0462593
0.687195 -0.574104
0.688172 -0.60296
0.68915 -0.151767
0.690127 0.000227403
0.691105 -0.209059
0.692082 0.2959
0.69306 -0.0766127
0.694037 0.0263053
0.695015 -0.108079
0.695992 -0.276903
0.69697 -0.301686
0.697947 -0.266405
0.698925 -0.378
0.699902 -0.737702
0.70088 -0.400368
0.701857 -0.290856
0.702835 -0.246839
0.703812 0.0824901
0.70479 0.0142345
0.705767 -0.237733
0.706745 -0.142319
0.707722 -0.0526193
0.7087 -0.116906
0.709677 0.00388153
0.710655 0.597701
0.711632 0.659874
0.71261 0.24909
0.713587 0.812325
0.714565 0.563396
0.715542 0.766039
0.71652 0.765973
0.717498 0.939307
0.718475 0.788403
0.719453 0.615955
0.72043 0.856597
0.721408 0.804687
0.722385 0.860312
0.723363 0.822238
0.72434 0.739266
0.725318 0.267521
0.726295 0.361207
0.727273 0.132784
0.72825 0.453275
0.729228 0.368818
0.730205 0.156065
0.731183 0.132552
0.73216 -0.18583
0.733138 -0.0702855
0.734115 -0.23194
0.735093 0.0832025
0.73607 0.307874
0.737048 0.584103
0.738025 0.341004
0.739003 0.805675
0.73998 0.182528
0.740958 0.645109
0.741935 0.671433
0.742913 0.53301
0.743891 0.315449
0.744868 0.183394
0.745846 0.236238
0.746823 0.161428
0.747801 0.223138
0.748778 0.457852
0.749756 0.573984
0.750733 0.807388
0.751711 0.810569
0.752688 0.551291
0.753666 0.556224
0.754643 0.148402
0.755621 0.26406
0.756598 0.659397
0.757576 0.68238
0.758553 0.4293
0.759531 0.619162
0.760508 0.375481
0.761486 0.483469
0.762463 0.063995
0.763441 0.203021
0.764418 0.374271
0.765396 0.541708
0.766373 0.534933
0.767351 0.373594
0.768328 0.449946
0.769306 0.66424
0.770283 0.369637
0.771261 0.0185473
0.772238 0.0510218
0.773216 0.424676
0.774194 0.416371
0.775171 0.382828
0.776149 0.493078
0.777126 0.408267
0.778104 0.0223297
0.779081 0.392314
0.780059 0.224341
0.781036 0.204511
0.782014 0.0656652
0.782991 0.0745614
0.783969 -0.0147881
0.784946 0.136023
0.785924 0.457572
0.786901 0.0800048
0.787879 0.107511
0.788856 -0.361135
0.789834 -0.325398
0.790811 -0.232747
0.791789 -0.275442
0.792766 -0.215224
0.793744 -0.516931
0.794721 -0.10805
0.795699 -0.166269
0.796676 0.0950757
0.797654 -0.3352
0.798631 -0.121177
0.799609 -0.201053
0.800587 -0.302542
0.801564 -0.249146
0.802542 -0.125375
0.803519 -0.116963
0.804497 0.253254
0.805474 0.0692883
0.806452 0.434282
0.807429 0.0847255
0.808407 -0.194167
0.809384 0.410581
0.810362 0.253253
0.811339 0.262978
0.812317 0.179673
0.813294 0.263788
0.814272 0.302018
0.815249 -0.204434
0.816227 0.0775368
0.817204 0.0102512
0.818182 0.233541
0.819159 0.243767
0.820137 0.287044
0.821114 0.258197
0.822092 0.36372
0.823069 0.179828
0.824047 0.401672
0.825024 0.477575
0.826002 0.593682
0.826979 0.270833
0.827957 0.25107
0.828934 0.268717
0.829912 0.0947344
0.83089 0.24973
0.831867 0.0794607
0.832845 0.267923
0.833822 -0.0479206
0.8348 0.314385
0.835777 0.144643
0.836755 0.689501
0.837732 0.520822
0.83871 0.499248
0.839687 0.492784
0.840665 0.424335
0.841642 -0.0831683
0.84262 0.415073
0.843597 0.106566
0.844575 0.483457
0.845552 0.675923
0.84653 0.611347
0.847507 0.455219
0.848485 0.580208
0.849462 0.190901
0.85044 0.546348
0.851417 0.432786
0.852395 0.696977
0.853372 0.926451
0.85435 0.831099
0.855327 0.318137
0.856305 0.582847
0.857283 0.227356
0.85826 0.433589
0.859238 0.818111
0.860215 0.96878
0.861193 0.470917
0.86217 0.610312
0.863148 0.741167
0.864125 1.12814
0.865103 0.864601
0.86608 0.655314
0.867058 0.470129
0.868035 0.553509
0.869013 0.603481
0.86999 0.346384
0.870968 0.551865
0.871945 0.569914
0.872923 0.815784
0.8739 0.812285
0.874878 1.07848
0.875855 1.11507
0.876833 1.19959
0.87781 1.06121
0.878788 1.29479
0.879765 1.10638
0.880743 0.990963
0.88172 1.20567
0.882698 0.721742
0.883675 0.79636
0.884653 0.86678
0.88563 0.701464
0.886608 0.960478
0.887586 0.498555
0.888563 0.868827
0.889541 0.716864
0.890518 0.906228
0.891496 0.634888
0.892473 0.636734
0.893451 0.804535
0.894428 0.687155
0.895406 0.456177
0.896383 0.348119
0.897361 0.381039
0.898338 0.533234
0.899316 0.692731
0.900293 0.604566
0.901271 0.186819
0.902248 0.417654
0.903226 0.43471
0.904203 0.317991
0.905181 -0.047414
0.906158 0.383027
0.907136 0.161845
0.908113 0.522963
0.909091 0.461774
0.910068 0.264963
0.911046 0.155722
0.912023 0.526956
0.913001 0.218778
0.913979 -0.14482
0.914956 0.0971074
0.915934 -0.0335754
0.916911 0.343353
0.917889 0.244449
0.918866 0.346121
0.919844 0.324043
0.920821 0.413135
0.921799 0.492898
0.922776 0.249683
0.923754 1.23452
0.924731 0.885347
0.925709 0.992637
0.926686 0.544496
0.927664 0.434306
0.928641 0.750976
0.929619 0.988542
0.930596 0.75248
0.931574 0.787394
0.932551 1.08268
0.933529 0.823862
0.934506 0.659092
0.935484 0.956631
0.936461 1.03667
0.937439 0.791357
0.938416 0.757937
0.939394 0.780698
0.940371 0.470637
0.941349 0.583356
0.942326 0.629186
0.943304 0.959923
0.944282 0.952029
0.945259 1.12661
0.946237 0.774288
0.947214 0.439038
0.948192 0.538203
0.949169 0.659401
0.950147 0.77724
0.951124 0.912474
0.952102 0.592213
0.953079 0.701896
0.954057 0.822378
0.955034 0.847692
0.956012 0.934896
0.956989 0.677238
0.957967 0.80246
0.958944 0.732765
0.959922 0.386788
0.960899 0.558357
0.961877 0.241667
0.962854 0.296876
0.963832 0.291126
0.964809 0.133204
0.965787 0.0614625
0.966764 -0.0370342
0.967742 0.129173
0.968719 0.160351
0.969697 0.166345
0.970675 0.095388
0.971652 0.175812
0.97263 0.0909151
0.973607 -0.130468
0.974585 0.23479
0.975562 0.12221
0.97654 0.232727
0.977517 -0.103052
0.978495 0.0433627
0.979472 0.118655
0.98045 0.124669
0.981427 0.805492
0.982405 0.848524
0.983382 0.550957
0.98436 0.5143
0.985337 0.391134
0.986315 -0.0333003
0.987292 0.0375557
0.98827 -0.0475913
0.989247 0.0551943
0.990225 0.379187
0.991202 0.311698
0.99218 -0.26696
0.993157 0.12026
0.994135 -0.333673
0.995112 -0.542203
0.99609 -0.708259
0.997067 -1.2837
0.998045 -0.286763
0.999022 -0.0822337
1 0.128085
