0 -0.0959347
0.000977517 -0.092061
0.00195503 -0.191831
0.00293255 0.532517
0.00391007 0.698598
0.00488759 0.242135
0.0058651 -0.0508223
0.00684262 0.482261
0.00782014 -0.818384
0.00879765 -0.607907
0.00977517 0.658133
0.0107527 0.200928
0.0117302 0.455838
0.0127077 0.58001
0.0136852 -0.421623
0.0146628 0.562347
0.0156403 0.760739
0.0166178 0.420097
0.0175953 -0.2105
0.0185728 -0.368017
0.0195503 0.110168
0.0205279 1.0845
0.0215054 0.997742
0.0224829 1.62998
0.0234604 0.589486
0.0244379 0.864588
0.0254154 -0.0347675
0.026393 0.603113
0.0273705 0.924127
0.028348 0.535841
0.0293255 0.548976
0.030303 0.237808
0.0312805 0.174741
0.0322581 0.829343
0.0332356 1.2373
0.0342131 1.3409
0.0351906 0.0835414
0.0361681 0.930216
0.0371457 0.583997
0.0381232 0.478322
0.0391007 0.058742
0.0400782 -0.426147
0.0410557 0.23988
0.0420332 0.904236
0.0430108 0.423206
0.0439883 0.576753
0.0449658 1.01849
0.0459433 0.726634
0.0469208 0.666357
0.0478983 0.212332
0.0488759 0.398878
0.0498534 0.75599
0.0508309 0.206996
0.0518084 1.19206
0.0527859 0.798858
0.0537634 0.0334549
0.054741 0.850214
0.0557185 0.987792
0.056696 0.866198
0.0576735 0.926978
0.058651 0.503483
0.0596285 0.507746
0.0606061 0.622734
0.0615836 0.549971
0.0625611 1.76595
0.0635386 1.72788
0.0645161 1.36728
0.0654936 0.817845
0.0664712 1.00185
0.0674487 1.45441
0.0684262 0.507947
0.0694037 1.15707
0.0703812 0.48117
0.0713587 0.802874
0.0723363 0.53344
0.0733138 0.560411
0.0742913 0.637494
0.0752688 0.652418
0.0762463 0.480022
0.0772239 1.11773
0.0782014 0.518272
0.0791789 0.561075
0.0801564 1.30001
0.0811339 0.981809
0.0821114 0.799589
0.083089 0.812369
0.0840665 1.32082
0.085044 0.402926
0.0860215 1.38796
0.086999 1.54622
0.0879765 1.38094
0.0889541 1.30849
0.0899316 1.72413
0.0909091 1.16851
0.0918866 1.67223
0.0928641 1.40221
0.0938416 1.06432
0.0948192 1.49358
0.0957967 0.603538
0.0967742 1.58942
0.0977517 0.704901
0.0987292 0.662518
0.0997067 0.760813
0.100684 0.771175
0.101662 0.790275
0.102639 0.197143
0.103617 0.594223
0.104594 1.09326
0.105572 0.549565
0.106549 0.791091
0.107527 -0.106724
0.108504 0.352668
0.109482 -0.168195
0.110459 0.97956
0.111437 -0.228854
0.112414 0.740153
0.113392 0.934373
0.11437 0.613722
0.115347 0.427611
0.116325 0.662763
0.117302 -0.650709
0.11828 0.556618
0.119257 0.0194968
0.120235 0.473272
0.121212 0.573536
0.12219 0.303738
0.123167 0.580329
0.124145 0.635949
0.125122 0.224311
0.1261 -0.212491
0.127077 0.354203
0.128055 0.243334
0.129032 -0.121337
0.13001 -0.403032
0.130987 0.149805
0.131965 -0.349211
0.132942 -0.315503
0.13392 -0.0732205
0.134897 0.757568
0.135875 0.322378
0.136852 0.0283649
0.13783 -0.400132
0.138807 0.136954
0.139785 0.55814
0.140762 0.63182
0.14174 -0.158073
0.142717 0.107842
0.143695 0.939054
0.144673 0.247741
0.14565 0.55944
0.146628 -0.137798
0.147605 0.0761588
0.148583 0.0984179
0.14956 -0.0915184
0.150538 0.176904
0.151515 0.39716
0.152493 0.122297
0.15347 -0.419482
0.154448 0.469576
0.155425 -0.0210938
0.156403 0.724766
0.15738 0.978641
0.158358 0.280669
0.159335 0.176483
0.160313 1.04408
0.16129 0.964241
0.162268 0.4442
0.163245 0.116988
0.164223 0.171422
0.1652 0.721812
0.166178 0.432809
0.167155 -0.0712675
0.168133 0.587441
0.16911 0.384255
0.170088 -0.653812
0.171065 -0.102861
0.172043 0.599652
0.173021 0.657419
0.173998 0.768997
0.174976 0.147031
0.175953 0.358594
0.176931 -0.242035
0.177908 0.624665
0.178886 0.244151
0.179863 0.157586
0.180841 -0.169442
0.181818 -0.113212
0.182796 -0.166156
0.183773 -0.155835
0.184751 -0.85048
0.185728 -0.584342
0.186706 -0.510419
0.187683 -0.833196
0.188661 -0.333203
0.189638 0.394893
0.190616 0.0158855
0.191593 0.485978
0.192571 0.653127
0.193548 0.50683
0.194526 0.644612
0.195503 0.368749
0.196481 0.82637
0.197458 -0.32684
0.198436 -0.346473
0.199413 0.678466
0.200391 0.414589
0.201369 -0.181152
0.202346 0.080741
0.203324 0.412777
0.204301 -0.162101
0.205279 0.31466
0.206256 -0.0165692
0.207234 0.00729683
0.208211 0.750343
0.209189 0.0497001
0.210166 0.918632
0.211144 0.565365
0.212121 0.201808
0.213099 0.557333
0.214076 0.201873
0.215054 0.354337
0.216031 0.611074
0.217009 1.05126
0.217986 0.709347
0.218964 0.912468
0.219941 0.992994
0.220919 0.125446
0.221896 0.170033
0.222874 -0.275516
0.223851 -0.325488
0.224829 1.39968
0.225806 0.889752
0.226784 0.934887
0.227761 0.812942
0.228739 0.578951
0.229717 0.742296
0.230694 0.489305
0.231672 0.258612
0.232649 0.231395
0.233627 0.20032
0.234604 0.0312767
0.235582 0.45356
0.236559 0.122137
0.237537 -0.365379
0.238514 0.295773
0.239492 0.674739
0.240469 0.309096
0.241447 0.146138
0.242424 0.120184
0.243402 -0.0582783
0.244379 0.722977
0.245357 -0.712254
0.246334 -0.154826
0.247312 -0.0423935
0.248289 0.291334
0.249267 -0.388472
0.250244 -0.175514
0.251222 -0.834143
0.252199 -0.50868
0.253177 -0.105372
0.254154 -0.164408
0.255132 -0.151239
0.256109 0.16547
0.257087 0.441922
0.258065 -0.37412
0.259042 0.105271
0.26002 0.357627
0.260997 -0.227745
0.261975 -0.030477
0.262952 -0.368372
0.26393 -0.390234
0.264907 -0.396833
0.265885 -0.268716
0.266862 -0.441365
0.26784 -1.35021
0.268817 -0.299846
0.269795 -0.225634
0.270772 0.278191
0.27175 0.226691
0.272727 -0.17107
0.273705 -0.172871
0.274682 -0.113391
0.27566 -0.114831
0.276637 -0.524403
0.277615 0.0315279
0.278592 0.142705
0.27957 -0.853083
0.280547 -0.677709
0.281525 0.118874
0.282502 0.225676
0.28348 -0.300273
0.284457 -0.811782
0.285435 -0.725053
0.286413 -0.99342
0.28739 -0.791169
0.288368 -0.905219
0.289345 -0.875496
0.290323 -1.06483
0.2913 -0.833563
0.292278 -0.942997
0.293255 -0.918675
0.294233 -1.06293
0.29521 -0.908944
0.296188 -0.435194
0.297165 0.0426386
0.298143 -0.557657
0.29912 -0.726828
0.300098 -0.812728
0.301075 -0.31078
0.302053 -0.78186
0.30303 -0.801203
0.304008 -1.17418
0.304985 -1.14404
0.305963 -1.03263
0.30694 -0.681845
0.307918 -0.37969
0.308895 0.125557
0.309873 -0.163947
0.31085 -0.290723
0.311828 -0.532526
0.312805 0.34918
0.313783 -0.44955
0.314761 -0.00131144
0.315738 0.250207
0.316716 -0.113024
0.317693 -0.227737
0.318671 -0.0767253
0.319648 0.161787
0.320626 -0.635892
0.321603 -0.466846
0.322581 -0.734613
0.323558 -0.838564
0.324536 -0.354334
0.325513 -0.213231
0.326491 -0.0682561
0.327468 0.620873
0.328446 0.447874
0.329423 1.04829
0.330401 0.209414
0.331378 -0.0638015
0.332356 0.387165
0.333333 0.256529
0.334311 0.153496
0.335288 -0.117501
0.336266 0.178992
0.337243 0.42724
0.338221 0.303663
0.339198 -0.287981
0.340176 0.330124
0.341153 -0.15662
0.342131 -0.168426
0.343109 -0.239541
0.344086 -0.0629563
0.345064 0.447458
0.346041 0.715874
0.347019 0.62011
0.347996 0.166584
0.348974 0.870047
0.349951 0.793557
0.350929 0.671059
0.351906 0.818765
0.352884 0.432973
0.353861 0.847483
0.354839 0.108109
0.355816 0.0464817
0.356794 1.08074
0.357771 0.411915
0.358749 0.37945
0.359726 0.166426
0.360704 0.098131
0.361681 0.124939
0.362659 0.218393
0.363636 0.368175
0.364614 0.00281106
0.365591 0.539921
0.366569 0.697034
0.367546 -0.0442284
0.368524 -0.203788
0.369501 -0.0302486
0.370479 0.498524
0.371457 0.386193
0.372434 0.596502
0.373412 -0.00858154
0.374389 0.444243
0.375367 0.107362
0.376344 -0.401914
0.377322 0.283767
0.378299 0.0865765
0.379277 0.113512
0.380254 -0.110949
0.381232 0.318111
0.382209 0.708709
0.383187 -0.340877
0.384164 -0.506046
0.385142 -0.781388
0.386119 -0.301037
0.387097 0.215826
0.388074 0.454657
0.389052 0.860224
0.390029 0.528212
0.391007 1.18988
0.391984 0.35825
0.392962 0.581534
0.393939 -0.0265363
0.394917 0.497848
0.395894 0.612955
0.396872 0.207994
0.397849 0.487554
0.398827 0.503333
0.399805 0.240503
0.400782 0.459425
0.40176 -0.405367
0.402737 0.643393
0.403715 -0.380706
0.404692 -0.843147
0.40567 -1.12216
0.406647 -0.627571
0.407625 -0.42807
0.408602 0.318912
0.40958 -0.433978
0.410557 -0.209272
0.411535 0.571527
0.412512 -0.932802
0.41349 -0.411759
0.414467 0.275131
0.415445 -0.287023
0.416422 -0.325311
0.4174 -0.350688
0.418377 -0.343955
0.419355 -0.484337
0.420332 -0.598522
0.42131 0.455384
0.422287 0.101235
0.423265 0.0526601
0.424242 -0.328619
0.42522 1.03476
0.426197 0.516381
0.427175 -0.453903
0.428153 -0.154057
0.42913 -0.247107
0.430108 -0.287013
0.431085 0.530566
0.432063 0.471081
0.43304 -0.889754
0.434018 0.640375
0.434995 -0.58501
0.435973 -0.262789
0.43695 -0.923253
0.437928 0.441234
0.438905 -0.3942
0.439883 0.215888
0.44086 0.141776
0.441838 0.292581
0.442815 0.108036
0.443793 -0.00293621
0.44477 -0.236516
0.445748 0.160399
0.446725 -0.0406034
0.447703 -0.402675
0.44868 0.308225
0.449658 0.690578
0.450635 -0.801369
0.451613 -0.525418
0.45259 -0.901955
0.453568 -1.0557
0.454545 -0.0875363
0.455523 0.548509
0.456501 -0.634416
0.457478 -0.632906
0.458456 -1.03859
0.459433 -0.866436
0.460411 -1.41292
0.461388 -0.683091
0.462366 -0.439904
0.463343 -0.670728
0.464321 -0.85757
0.465298 -1.01788
0.466276 -0.356066
0.467253 0.495281
0.468231 -0.316766
0.469208 0.367987
0.470186 1.12644
0.471163 0.0925989
0.472141 0.0537356
0.473118 0.41621
0.474096 -0.014838
0.475073 -0.0690597
0.476051 -0.535638
0.477028 -0.305351
0.478006 -0.0605363
0.478983 -0.187164
0.479961 0.421815
0.480938 0.187004
0.481916 0.161333
0.482893 -0.522133
0.483871 -0.0316546
0.484848 0.335298
0.485826 -0.246578
0.486804 -0.41584
0.487781 0.0139787
0.488759 0.249927
0.489736 -0.210136
0.490714 -0.130499
0.491691 0.552611
0.492669 -0.425786
0.493646 0.00247279
0.494624 -0.419954
0.495601 0.0821865
0.496579 -0.18363
0.497556 -0.356404
0.498534 -0.174101
0.499511 -0.598258
0.500489 -0.839924
0.501466 -0.220744
0.502444 -0.603184
0.503421 -0.886521
0.504399 0.0167101
0.505376 -0.345866
0.506354 -0.252594
0.507331 -0.15203
0.508309 -0.367346
0.509286 0.323024
0.510264 -0.24825
0.511241 0.016332
0.512219 -0.111936
0.513196 -0.262375
0.514174 0.593457
0.515152 -0.114384
0.516129 -0.313578
0.517107 -0.0887963
0.518084 -0.284342
0.519062 -0.483955
0.520039 -1.12361
0.521017 -1.14592
0.521994 -0.459099
0.522972 -1.06357
0.523949 -1.00314
0.524927 -0.914167
0.525904 -1.17235
0.526882 -1.34722
0.527859 -0.628784
0.528837 -1.21734
0.529814 -0.866481
0.530792 -0.271019
0.531769 -0.694034
0.532747 -1.70104
0.533724 -0.72669
0.534702 -1.35903
0.535679 -0.637278
0.536657 -0.952836
0.537634 -0.183367
0.538612 0.134548
0.539589 -1.02449
0.540567 -0.793183
0.541544 -0.594119
0.542522 -0.0610577
0.5435 -0.440363
0.544477 -0.761221
0.545455 -0.31242
0.546432 -0.870254
0.54741 -0.361341
0.548387 -0.691195
0.549365 -0.150535
0.550342 -0.692002
0.55132 -0.846487
0.552297 -0.627176
0.553275 0.310507
0.554252 -0.0930207
0.55523 -0.164898
0.556207 -0.895576
0.557185 -0.253566
0.558162 -0.636558
0.55914 -0.28242
0.560117 -0.8457
0.561095 -0.256102
0.562072 0.180426
0.56305 0.265398
0.564027 0.110596
0.565005 -0.101522
0.565982 -0.480585
0.56696 0.0403262
0.567937 0.235635
0.568915 0.60584
0.569892 -0.260404
0.57087 0.0852854
0.571847 -0.352286
0.572825 -0.0904491
0.573803 -0.975245
0.57478 -0.0573182
0.575758 0.399472
0.576735 0.325241
0.577713 0.792655
0.57869 0.134881
0.579668 -0.0208948
0.580645 -0.168585
0.581623 -0.332636
0.5826 0.333786
0.583578 -0.203818
0.584555 -0.385973
0.585533 -0.205573
0.58651 -0.194363
0.587488 -0.348717
0.588465 -0.450571
0.589443 0.0701286
0.59042 0.659714
0.591398 -0.0157799
0.592375 -0.11691
0.593353 0.266821
0.59433 -0.607638
0.595308 -0.455068
0.596285 -0.331248
0.597263 0.00651439
0.59824 0.367711
0.599218 1.08515
0.600196 0.392718
0.601173 0.556469
0.602151 -0.310467
0.603128 -0.327437
0.604106 -0.18021
0.605083 0.0647049
0.606061 -0.0371553
0.607038 -0.112533
0.608016 -0.380029
0.608993 -0.750025
0.609971 -1.40191
0.610948 -0.782342
0.611926 -0.418145
0.612903 -0.123094
0.613881 0.405361
0.614858 -0.104701
0.615836 -0.458807
0.616813 0.0898009
0.617791 0.286524
0.618768 0.10761
0.619746 0.602712
0.620723 -0.417192
0.621701 -0.545729
0.622678 -0.435496
0.623656 -0.331517
0.624633 -0.000941082
0.625611 -0.624476
0.626588 -0.187294
0.627566 -0.246401
0.628543 -0.567926
0.629521 -0.569803
0.630499 -0.493958
0.631476 -0.317482
0.632454 -0.648923
0.633431 0.123867
0.634409 -0.249045
0.635386 0.0945057
0.636364 -0.108741
0.637341 -0.461382
0.638319 -0.0500292
0.639296 0.348509
0.640274 -0.322547
0.641251 -0.0966508
0.642229 -0.733891
0.643206 -0.151112
0.644184 -0.215441
0.645161 -0.034089
0.646139 0.128555
0.647116 0.0416258
0.648094 0.0288569
0.649071 -0.71334
0.650049 -0.762842
0.651026 -0.554077
0.652004 0.20878
0.652981 -0.777956
0.653959 0.308668
0.654936 -0.252699
0.655914 -0.416569
0.656892 -0.395775
0.657869 -0.342178
0.658847 -0.393351
0.659824 -0.23176
0.660802 -0.223873
0.661779 -0.0311007
0.662757 -0.570499
0.663734 0.230956
0.664712 -0.00732522
0.665689 -0.609286
0.666667 -1.02211
0.667644 -0.729442
0.668622 -0.55262
0.669599 -0.999467
0.670577 -1.11463
0.671554 -0.0575736
0.672532 0.0875314
0.673509 -0.375152
0.674487 -0.611469
0.675464 -0.00471285
0.676442 -0.523556
0.677419 0.25259
0.678397 -0.709991
0.679374 -0.449002
0.680352 -0.214301
0.681329 0.0454879
0.682307 -0.292713
0.683284 -0.493355
0.684262 -1.06732
0.685239 -0.407424
0.686217 -0.350583
0.687195 -0.0742886
0.688172 0.0200909
0.68915 -0.159031
0.690127 -0.0670774
0.691105 -0.0187659
0.692082 -0.318422
0.69306 -0.412757
0.694037 -0.7367
0.695015 -0.130246
0.695992 -0.415779
0.69697 -0.250133
0.697947 -0.107459
0.698925 -0.0847477
0.699902 -0.499576
0.70088 -0.524378
0.701857 -0.621452
0.702835 -0.222123
0.703812 -0.445205
0.70479 -1.19464
0.705767 -0.655604
0.706745 0.0814741
0.707722 0.122704
0.7087 -0.0662153
0.709677 -0.298878
0.710655 -0.408328
0.711632 -0.382779
0.71261 0.0162358
0.713587 0.113762
0.714565 0.17211
0.715542 -0.757017
0.71652 -0.352388
0.717498 -0.189036
0.718475 0.0728098
0.719453 -1.20525
0.72043 -0.245863
0.721408 0.0452649
0.722385 -0.56664
0.723363 -0.639207
0.72434 -0.964132
0.725318 -0.718282
0.726295 -0.297033
0.727273 -0.358934
0.72825 -0.65904
0.729228 -0.637029
0.730205 -1.07368
0.731183 -0.780972
0.73216 -0.215108
0.733138 -0.779773
0.734115 0.122357
0.735093 -0.294447
0.73607 0.676401
0.737048 -0.499499
0.738025 -0.241121
0.739003 -0.577988
0.73998 -0.477223
0.740958 -1.0063
0.741935 -0.57682
0.742913 -1.17653
0.743891 -0.472983
0.744868 -0.732837
0.745846 -0.279064
0.746823 -0.812108
0.747801 -0.625065
0.748778 -0.0960898
0.749756 0.164514
0.750733 0.550271
0.751711 -0.114098
0.752688 -0.315892
0.753666 -0.787686
0.754643 -1.52452
0.755621 -0.235251
0.756598 -0.510373
0.757576 -0.382985
0.758553 -0.595846
0.759531 -0.251204
0.760508 -0.214059
0.761486 0.255018
0.762463 -0.0946116
0.763441 0.0419228
0.764418 -0.0931381
0.765396 0.0235418
0.766373 0.231676
0.767351 -0.086305
0.768328 0.340869
0.769306 -0.444909
0.770283 -0.0699318
0.771261 -0.383362
0.772238 0.161464
0.773216 0.353903
0.774194 0.629262
0.775171 0.739032
0.776149 0.503948
0.777126 0.304102
0.778104 0.946445
0.779081 -0.0301743
0.780059 -0.105009
0.781036 -0.139095
0.782014 -0.0479728
0.782991 -0.102988
0.783969 0.140084
0.784946 -0.13182
0.785924 -0.0891768
0.786901 0.44536
0.787879 0.282428
0.788856 -0.580687
0.789834 0.381803
0.790811 -0.440889
0.791789 -0.269394
0.792766 -0.0622777
0.793744 0.255335
0.794721 0.231137
0.795699 0.702249
0.796676 -0.388511
0.797654 0.0106041
0.798631 -0.300438
0.799609 -0.292428
0.800587 0.244439
0.801564 0.568113
0.802542 0.16797
0.803519 0.0883966
0.804497 0.318218
0.805474 0.108911
0.806452 -0.230543
0.807429 0.00973367
0.808407 0.630573
0.809384 0.775263
0.810362 0.627413
0.811339 1.05539
0.812317 0.156094
0.813294 0.06298
0.814272 -0.379107
0.815249 0.294322
0.816227 0.113751
0.817204 0.506908
0.818182 0.23671
0.819159 0.285777
0.820137 -0.287133
0.821114 0.307838
0.822092 0.809868
0.823069 0.703936
0.824047 0.0318634
0.825024 0.412275
0.826002 0.345375
0.826979 -0.328021
0.827957 -0.304204
0.828934 0.141095
0.829912 0.334568
0.83089 0.183684
0.831867 0.256239
0.832845 -0.24271
0.833822 0.259615
0.8348 -0.30943
0.835777 0.255944
0.836755 0.516716
0.837732 0.576573
0.83871 -0.403807
0.839687 -0.00819525
0.840665 0.0231765
0.841642 -0.113986
0.84262 -0.129792
0.843597 0.0220859
0.844575 -0.0163563
0.845552 -0.0441724
0.84653 -0.0478341
0.847507 -0.424273
0.848485 -0.608976
0.849462 0.272325
0.85044 -0.669557
0.851417 -0.01056
0.852395 -0.342611
0.853372 0.326006
0.85435 -0.30397
0.855327 -0.169983
0.856305 0.020481
0.857283 -1.37694
0.85826 -0.100897
0.859238 -0.459889
0.860215 -0.0611158
0.861193 -0.245683
0.86217 0.339248
0.863148 -1.00662
0.864125 -0.207377
0.865103 0.287447
0.86608 0.0211625
0.867058 0.550534
0.868035 -0.333133
0.869013 0.200318
0.86999 0.166092
0.870968 -0.227959
0.871945 -0.0945607
0.872923 -0.567257
0.8739 -0.672946
0.874878 -0.299309
0.875855 -0.266988
0.876833 0.671613
0.87781 0.178383
0.878788 0.00168784
0.879765 0.447124
0.880743 0.315555
0.88172 -0.235388
0.882698 -0.139191
0.883675 -0.156534
0.884653 -0.016871
0.88563 0.582387
0.886608 0.638773
0.887586 -0.155121
0.888563 -0.44796
0.889541 0.0646639
0.890518 -0.0537841
0.891496 0.62286
0.892473 -0.0582986
0.893451 -0.157611
0.894428 0.494252
0.895406 0.166522
0.896383 -0.0961702
0.897361 -0.164325
0.898338 0.734644
0.899316 0.159919
0.900293 -0.0229369
0.901271 -0.348222
0.902248 -0.178806
0.903226 -0.0168653
0.904203 -0.369945
0.905181 -0.915952
0.906158 -0.80174
0.907136 0.703078
0.908113 -0.813215
0.909091 -0.687481
0.910068 -0.888335
0.911046 -0.180637
0.912023 -0.358573
0.913001 -0.428016
0.913979 -0.323303
0.914956 0.50335
0.915934 -0.342785
0.916911 0.0170002
0.917889 -1.06837
0.918866 0.472407
0.919844 -0.105418
0.920821 -0.450017
0.921799 -0.401566
0.922776 -1.17339
0.923754 -0.24671
0.924731 -0.327995
0.925709 -0.0908733
0.926686 0.0956105
0.927664 -0.0935008
0.928641 -0.245692
0.929619 -0.146685
0.930596 -0.150169
0.931574 0.510604
0.932551 0.063744
0.933529 0.157498
0.934506 0.219607
0.935484 0.455365
0.936461 0.448694
0.937439 0.237312
0.938416 -0.570009
0.939394 -0.275294
0.940371 -0.605692
0.941349 -0.682221
0.942326 0.331149
0.943304 0.102036
0.944282 0.685638
0.945259 0.415474
0.946237 0.625213
0.947214 -0.302836
0.948192 -0.249819
0.949169 -0.870915
0.950147 -1.15605
0.951124 -0.743852
0.952102 -0.72914
0.953079 -0.806954
0.954057 -0.718021
0.955034 -0.878135
0.956012 -0.361167
0.956989 -0.531414
0.957967 -0.662425
0.958944 -0.473658
0.959922 -0.568048
0.960899 -1.04137
0.961877 0.322324
0.962854 0.171819
0.963832 0.0828464
0.964809 -0.154123
0.965787 0.344847
0.966764 -0.49297
0.967742 -0.0558164
0.968719 -0.567868
0.969697 -0.760875
0.970675 0.121981
0.971652 -0.891256
0.97263 -1.11775
0.973607 -0.71503
0.974585 -0.706417
0.975562 -0.966352
0.97654 -1.03725
0.977517 -1.61538
0.978495 -0.0763484
0.979472 -0.701012
0.98045 -0.0106024
0.981427 -0.501991
0.982405 -0.981363
0.983382 0.0150935
0.98436 -0.561
0.985337 -0.233917
0.986315 -0.687876
0.987292 -0.411208
0.98827 -0.137317
0.989247 -0.147821
0.990225 0.17493
0.991202 0.213259
0.99218 0.0193083
0.993157 -0.204995
0.994135 -0.616004
0.995112 -0.187356
0.99609 0.326518
0.997067 0.19057
0.998045 -0.197645
0.999022 -0.0471268
1 -0.356128
