0 0.138591
0.000977517 0.115809
0.00195503 0.140697
0.00293255 0.102304
0.00391007 -0.0503713
0.00488759 -0.245854
0.0058651 -0.33958
0.00684262 -0.474359
0.00782014 -0.519344
0.00879765 -0.531991
0.00977517 -0.285252
0.0107527 -0.29267
0.0117302 -0.453752
0.0127077 -0.396416
0.0136852 -0.263886
0.0146628 -0.315411
0.0156403 -0.4128
0.0166178 -0.503013
0.0175953 -0.286483
0.0185728 -0.0421897
0.0195503 -0.0601513
0.0205279 0.00070578
0.0215054 -0.0816252
0.0224829 -0.202943
0.0234604 -0.304923
0.0244379 -0.423658
0.0254154 -0.282512
0.026393 -0.0862088
0.0273705 -0.156116
0.028348 -0.230662
0.0293255 -0.397319
0.030303 -0.581678
0.0312805 -0.42457
0.0322581 -0.583498
0.0332356 -0.489833
0.0342131 -0.527743
0.0351906 -0.54081
0.0361681 -0.502936
0.0371457 -0.425715
0.0381232 -0.518475
0.0391007 -0.41655
0.0400782 -0.477577
0.0410557 -0.68426
0.0420332 -0.684584
0.0430108 -0.610515
0.0439883 -0.733855
0.0449658 -0.812079
0.0459433 -0.826474
0.0469208 -0.819914
0.0478983 -0.74653
0.0488759 -0.896741
0.0498534 -0.635294
0.0508309 -0.730429
0.0518084 -0.852171
0.0527859 -0.903788
0.0537634 -0.883939
0.054741 -0.775215
0.0557185 -0.724641
0.056696 -0.538658
0.0576735 -0.569097
0.058651 -0.661822
0.0596285 -0.754516
0.0606061 -0.519172
0.0615836 -0.528561
0.0625611 -0.545788
0.0635386 -0.549385
0.0645161 -0.585599
0.0654936 -0.701643
0.0664712 -0.606961
0.0674487 -0.45263
0.0684262 -0.594754
0.0694037 -0.694922
0.0703812 -0.644865
0.0713587 -0.624845
0.0723363 -0.466543
0.0733138 -0.632631
0.0742913 -0.647704
0.0752688 -0.673107
0.0762463 -0.653029
0.0772239 -0.594331
0.0782014 -0.703359
0.0791789 -0.70298
0.0801564 -0.781848
0.0811339 -0.588579
0.0821114 -0.670037
0.083089 -0.484161
0.0840665 -0.431223
0.085044 -0.769712
0.0860215 -0.5116
0.086999 -0.475594
0.0879765 -0.425393
0.0889541 -0.551243
0.0899316 -0.606382
0.0909091 -0.535172
0.0918866 -0.603972
0.0928641 -0.591118
0.0938416 -0.437946
0.0948192 -0.600321
0.0957967 -0.615013
0.0967742 -0.631004
0.0977517 -0.51924
0.0987292 -0.461754
0.0997067 -0.651242
0.100684 -0.889288
0.101662 -0.572261
0.102639 -0.465831
0.103617 -0.575713
0.104594 -0.539057
0.105572 -0.606071
0.106549 -0.611595
0.107527 -0.679596
0.108504 -0.4714
0.109482 -0.513727
0.110459 -0.465474
0.111437 -0.492031
0.112414 -0.232344
0.113392 -0.435174
0.11437 -0.607097
0.115347 -0.607127
0.116325 -0.597931
0.117302 -0.619896
0.11828 -0.62567
0.119257 -0.552851
0.120235 -0.833253
0.121212 -0.647204
0.12219 -0.738164
0.123167 -0.526598
0.124145 -0.644142
0.125122 -0.830292
0.1261 -0.629392
0.127077 -0.724405
0.128055 -0.731309
0.129032 -0.631377
0.13001 -0.502081
0.130987 -0.432049
0.131965 -0.598712
0.132942 -0.513592
0.13392 -0.590239
0.134897 -0.600553
0.135875 -0.477758
0.136852 -0.490452
0.13783 -0.679048
0.138807 -0.632874
0.139785 -0.483525
0.140762 -0.59992
0.14174 -0.438136
0.142717 -0.543735
0.143695 -0.722377
0.144673 -0.781352
0.14565 -0.620205
0.146628 -0.499893
0.147605 -0.437143
0.148583 -0.366319
0.14956 -0.433633
0.150538 -0.475998
0.151515 -0.614663
0.152493 -0.469397
0.15347 -0.590008
0.154448 -0.613387
0.155425 -0.664054
0.156403 -0.689398
0.15738 -0.772521
0.158358 -0.536957
0.159335 -0.496255
0.160313 -0.719588
0.16129 -0.733782
0.162268 -0.926632
0.163245 -0.837738
0.164223 -0.876022
0.1652 -0.723605
0.166178 -0.689434
0.167155 -0.68139
0.168133 -0.60236
0.16911 -0.69912
0.170088 -0.709406
0.171065 -0.62959
0.172043 -0.524551
0.173021 -0.639375
0.173998 -0.65727
0.174976 -0.54371
0.175953 -0.694889
0.176931 -0.72974
0.177908 -0.756258
0.178886 -0.786555
0.179863 -0.579151
0.180841 -0.670671
0.181818 -0.741194
0.182796 -0.681471
0.183773 -0.5699
0.184751 -0.769781
0.185728 -0.706478
0.186706 -0.816302
0.187683 -0.742555
0.188661 -0.773366
0.189638 -0.831545
0.190616 -0.910925
0.191593 -0.851192
0.192571 -1.00626
0.193548 -0.896204
0.194526 -0.89553
0.195503 -1.04091
0.196481 -1.04597
0.197458 -1.12737
0.198436 -1.23427
0.199413 -1.14025
0.200391 -0.962223
0.201369 -0.753879
0.202346 -1.03668
0.203324 -0.881031
0.204301 -0.719553
0.205279 -0.63333
0.206256 -0.630872
0.207234 -0.744028
0.208211 -0.57725
0.209189 -0.519415
0.210166 -0.73396
0.211144 -0.765999
0.212121 -0.753138
0.213099 -0.843532
0.214076 -0.802659
0.215054 -0.78153
0.216031 -0.844033
0.217009 -0.76386
0.217986 -0.906343
0.218964 -0.786639
0.219941 -0.640726
0.220919 -0.892595
0.221896 -0.684682
0.222874 -0.525795
0.223851 -0.389438
0.224829 -0.386039
0.225806 -0.574262
0.226784 -0.491742
0.227761 -0.513534
0.228739 -0.416112
0.229717 -0.364209
0.230694 -0.399026
0.231672 -0.536948
0.232649 -0.561799
0.233627 -0.663984
0.234604 -0.879257
0.235582 -0.670317
0.236559 -0.675498
0.237537 -0.612102
0.238514 -0.715912
0.239492 -0.710899
0.240469 -0.75258
0.241447 -0.853079
0.242424 -0.66047
0.243402 -0.577008
0.244379 -0.511475
0.245357 -0.739114
0.246334 -0.793461
0.247312 -0.720241
0.248289 -0.567429
0.249267 -0.594378
0.250244 -0.552764
0.251222 -0.703795
0.252199 -0.660747
0.253177 -0.670503
0.254154 -0.382214
0.255132 -0.573493
0.256109 -0.31139
0.257087 -0.427648
0.258065 -0.703357
0.259042 -0.599282
0.26002 -0.525001
0.260997 -0.479868
0.261975 -0.641364
0.262952 -0.788284
0.26393 -0.715976
0.264907 -0.694432
0.265885 -0.720427
0.266862 -0.720734
0.26784 -0.797813
0.268817 -0.927133
0.269795 -0.836297
0.270772 -1.0442
0.27175 -0.845273
0.272727 -0.954904
0.273705 -0.958183
0.274682 -0.933661
0.27566 -0.976642
0.276637 -0.887352
0.277615 -0.909042
0.278592 -0.955787
0.27957 -0.854229
0.280547 -0.8128
0.281525 -1.08889
0.282502 -0.895803
0.28348 -0.87917
0.284457 -0.895741
0.285435 -0.608567
0.286413 -0.521366
0.28739 -0.665194
0.288368 -0.561798
0.289345 -0.500092
0.290323 -0.444018
0.2913 -0.439659
0.292278 -0.613538
0.293255 -0.514884
0.294233 -0.495679
0.29521 -0.53083
0.296188 -0.565374
0.297165 -0.62048
0.298143 -0.478358
0.29912 -0.711834
0.300098 -0.695597
0.301075 -0.749075
0.302053 -0.511949
0.30303 -0.613047
0.304008 -0.591437
0.304985 -0.40778
0.305963 -0.38216
0.30694 -0.445931
0.307918 -0.309109
0.308895 -0.0861404
0.309873 -0.443287
0.31085 -0.453034
0.311828 -0.505376
0.312805 -0.560101
0.313783 -0.542065
0.314761 -0.539866
0.315738 -0.689968
0.316716 -0.680632
0.317693 -0.939389
0.318671 -0.912598
0.319648 -0.868203
0.320626 -0.816283
0.321603 -0.838817
0.322581 -0.646447
0.323558 -0.848129
0.324536 -0.832683
0.325513 -0.897108
0.326491 -0.831278
0.327468 -0.780291
0.328446 -0.847547
0.329423 -0.867566
0.330401 -0.713693
0.331378 -0.523465
0.332356 -0.731775
0.333333 -0.786856
0.334311 -0.806322
0.335288 -1.05748
0.336266 -1.08842
0.337243 -0.924618
0.338221 -0.773804
0.339198 -0.824026
0.340176 -0.693715
0.341153 -0.517271
0.342131 -0.435825
0.343109 -0.437443
0.344086 -0.578663
0.345064 -0.22679
0.346041 -0.289515
0.347019 -0.189652
0.347996 -0.327303
0.348974 -0.126859
0.349951 -0.48651
0.350929 -0.498579
0.351906 -0.416979
0.352884 -0.372485
0.353861 -0.446554
0.354839 -0.412658
0.355816 -0.383584
0.356794 -0.584172
0.357771 -0.397582
0.358749 -0.47531
0.359726 -0.386503
0.360704 -0.590366
0.361681 -0.503602
0.362659 -0.557489
0.363636 -0.340316
0.364614 -0.374516
0.365591 -0.45565
0.366569 -0.28286
0.367546 -0.511146
0.368524 -0.521155
0.369501 -0.584363
0.370479 -0.719142
0.371457 -0.57145
0.372434 -0.664028
0.373412 -0.724775
0.374389 -0.690738
0.375367 -0.648104
0.376344 -0.736614
0.377322 -0.667972
0.378299 -0.593336
0.379277 -0.654189
0.380254 -0.702174
0.381232 -0.57643
0.382209 -0.454591
0.383187 -0.369449
0.384164 -0.560662
0.385142 -0.617382
0.386119 -0.713818
0.387097 -0.834508
0.388074 -0.736802
0.389052 -0.589423
0.390029 -0.733245
0.391007 -0.708349
0.391984 -0.479792
0.392962 -0.53626
0.393939 -0.456152
0.394917 -0.521819
0.395894 -0.433842
0.396872 -0.473732
0.397849 -0.394433
0.398827 -0.570919
0.399805 -0.478511
0.400782 -0.303927
0.40176 -0.321944
0.402737 -0.272017
0.403715 -0.198645
0.404692 -0.345585
0.40567 -0.32153
0.406647 -0.488225
0.407625 -0.399326
0.408602 -0.503519
0.40958 -0.474256
0.410557 -0.388733
0.411535 -0.311392
0.412512 -0.471463
0.41349 -0.440792
0.414467 -0.486615
0.415445 -0.607722
0.416422 -0.538018
0.4174 -0.515888
0.418377 -0.55472
0.419355 -0.459929
0.420332 -0.519853
0.42131 -0.48678
0.422287 -0.504163
0.423265 -0.472403
0.424242 -0.432434
0.42522 -0.348472
0.426197 -0.204744
0.427175 -0.211775
0.428153 -0.211678
0.42913 -0.213062
0.430108 -0.105139
0.431085 -0.0944794
0.432063 -0.245331
0.43304 -0.126832
0.434018 -0.257555
0.434995 -0.428496
0.435973 -0.351851
0.43695 -0.37869
0.437928 -0.283334
0.438905 -0.435208
0.439883 -0.495759
0.44086 -0.642569
0.441838 -0.774709
0.442815 -0.625687
0.443793 -0.810246
0.44477 -0.826203
0.445748 -0.693321
0.446725 -0.515163
0.447703 -0.585288
0.44868 -0.794676
0.449658 -0.861061
0.450635 -0.837435
0.451613 -0.783199
0.45259 -0.821832
0.453568 -0.914417
0.454545 -0.784188
0.455523 -0.915766
0.456501 -0.89338
0.457478 -1.01741
0.458456 -0.987789
0.459433 -1.00044
0.460411 -1.15855
0.461388 -0.952881
0.462366 -1.09299
0.463343 -0.91362
0.464321 -0.827158
0.465298 -0.952168
0.466276 -0.870028
0.467253 -0.777758
0.468231 -0.771458
0.469208 -0.885396
0.470186 -0.87521
0.471163 -0.786979
0.472141 -0.986008
0.473118 -1.02108
0.474096 -1.15938
0.475073 -1.2133
0.476051 -1.14847
0.477028 -1.22627
0.478006 -1.10321
0.478983 -1.09324
0.479961 -1.14629
0.480938 -1.16285
0.481916 -0.968752
0.482893 -1.06867
0.483871 -0.909621
0.484848 -0.885642
0.485826 -0.951761
0.486804 -1.11485
0.487781 -1.26244
0.488759 -1.24961
0.489736 -1.28149
0.490714 -1.37305
0.491691 -1.36606
0.492669 -1.34066
0.493646 -1.44931
0.494624 -1.31559
0.495601 -1.09814
0.496579 -1.32027
0.497556 -1.04789
0.498534 -0.932755
0.499511 -0.987131
0.500489 -0.968534
0.501466 -1.02883
0.502444 -0.897136
0.503421 -0.97623
0.504399 -0.909255
0.505376 -1.14245
0.506354 -1.17924
0.507331 -0.99224
0.508309 -0.998682
0.509286 -0.927722
0.510264 -0.898868
0.511241 -0.825666
0.512219 -0.975396
0.513196 -0.85386
0.514174 -0.775588
0.515152 -0.833933
0.516129 -0.542784
0.517107 -0.662145
0.518084 -0.594921
0.519062 -0.739235
0.520039 -0.734551
0.521017 -0.483318
0.521994 -0.643468
0.522972 -0.478134
0.523949 -0.539869
0.524927 -0.672652
0.525904 -0.602542
0.526882 -0.539999
0.527859 -0.554248
0.528837 -0.485265
0.529814 -0.767666
0.530792 -0.797112
0.531769 -0.603479
0.532747 -0.562459
0.533724 -0.810692
0.534702 -0.763313
0.535679 -0.802036
0.536657 -0.715465
0.537634 -0.852843
0.538612 -0.907048
0.539589 -0.975117
0.540567 -0.859944
0.541544 -0.69996
0.542522 -0.878999
0.5435 -0.615291
0.544477 -0.485584
0.545455 -0.541078
0.546432 -0.481154
0.54741 -0.506738
0.548387 -0.615761
0.549365 -0.572004
0.550342 -0.384996
0.55132 -0.350512
0.552297 -0.387623
0.553275 -0.325481
0.554252 -0.423917
0.55523 -0.532568
0.556207 -0.553806
0.557185 -0.578573
0.558162 -0.47294
0.55914 -0.252691
0.560117 -0.467943
0.561095 -0.662952
0.562072 -0.539188
0.56305 -0.529239
0.564027 -0.262121
0.565005 -0.371684
0.565982 -0.387737
0.56696 -0.404542
0.567937 -0.419689
0.568915 -0.466153
0.569892 -0.546849
0.57087 -0.623394
0.571847 -0.690025
0.572825 -0.803447
0.573803 -0.642187
0.57478 -0.577032
0.575758 -0.607853
0.576735 -0.593485
0.577713 -0.762005
0.57869 -0.675083
0.579668 -0.68584
0.580645 -0.604476
0.581623 -0.82754
0.5826 -0.802187
0.583578 -0.682677
0.584555 -0.817594
0.585533 -0.999098
0.58651 -0.689728
0.587488 -0.852802
0.588465 -0.739329
0.589443 -0.879399
0.59042 -0.75182
0.591398 -0.712607
0.592375 -0.852557
0.593353 -0.696895
0.59433 -0.997301
0.595308 -0.989771
0.596285 -1.05058
0.597263 -1.01769
0.59824 -1.12515
0.599218 -1.36772
0.600196 -1.16137
0.601173 -1.3553
0.602151 -1.37226
0.603128 -1.25338
0.604106 -1.12372
0.605083 -1.03756
0.606061 -1.22673
0.607038 -1.17477
0.608016 -1.12181
0.608993 -1.24236
0.609971 -1.40474
0.610948 -1.1934
0.611926 -1.30131
0.612903 -1.28912
0.613881 -1.2422
0.614858 -1.30236
0.615836 -1.28357
0.616813 -1.18019
0.617791 -1.45478
0.618768 -1.29417
0.619746 -1.2632
0.620723 -1.33541
0.621701 -1.59665
0.622678 -1.50212
0.623656 -1.4568
0.624633 -1.33144
0.625611 -1.5672
0.626588 -1.64199
0.627566 -1.61521
0.628543 -1.52529
0.629521 -1.47044
0.630499 -1.51697
0.631476 -1.64233
0.632454 -1.47272
0.633431 -1.63781
0.634409 -1.50587
0.635386 -1.57443
0.636364 -1.62803
0.637341 -1.61003
0.638319 -1.36661
0.639296 -1.29903
0.640274 -1.24795
0.641251 -1.39023
0.642229 -1.57327
0.643206 -1.57574
0.644184 -1.5525
0.645161 -1.54448
0.646139 -1.35405
0.647116 -1.41083
0.648094 -1.44405
0.649071 -1.31854
0.650049 -1.1893
0.651026 -1.33272
0.652004 -1.38212
0.652981 -1.17209
0.653959 -1.16179
0.654936 -1.00441
0.655914 -1.14833
0.656892 -1.1998
0.657869 -0.940225
0.658847 -0.921167
0.659824 -0.980777
0.660802 -1.00566
0.661779 -0.992479
0.662757 -1.06228
0.663734 -0.887227
0.664712 -0.887285
0.665689 -0.81966
0.666667 -0.778649
0.667644 -0.734893
0.668622 -0.627544
0.669599 -0.543893
0.670577 -0.533038
0.671554 -0.571862
0.672532 -0.714618
0.673509 -0.480872
0.674487 -0.632539
0.675464 -0.694927
0.676442 -0.466335
0.677419 -0.625633
0.678397 -0.677401
0.679374 -0.636445
0.680352 -0.727916
0.681329 -0.802924
0.682307 -0.903845
0.683284 -0.883665
0.684262 -0.822339
0.685239 -0.918751
0.686217 -0.843595
0.687195 -0.776351
0.688172 -0.732968
0.68915 -0.852029
0.690127 -0.684789
0.691105 -0.822244
0.692082 -0.792056
0.69306 -0.871437
0.694037 -0.760603
0.695015 -0.628762
0.695992 -0.457294
0.69697 -0.52811
0.697947 -0.591061
0.698925 -0.689687
0.699902 -0.568044
0.70088 -0.872235
0.701857 -0.637919
0.702835 -0.583918
0.703812 -0.617718
0.70479 -0.588619
0.705767 -0.534617
0.706745 -0.598186
0.707722 -0.506557
0.7087 -0.585199
0.709677 -0.481563
0.710655 -0.661157
0.711632 -0.570799
0.71261 -0.306015
0.713587 -0.407756
0.714565 -0.493933
0.715542 -0.569351
0.71652 -0.701239
0.717498 -0.576921
0.718475 -0.557495
0.719453 -0.481099
0.72043 -0.506162
0.721408 -0.709074
0.722385 -0.672872
0.723363 -0.718462
0.72434 -0.762354
0.725318 -0.654896
0.726295 -0.588514
0.727273 -0.491865
0.72825 -0.615916
0.729228 -0.448266
0.730205 -0.356277
0.731183 -0.312988
0.73216 -0.344396
0.733138 -0.490631
0.734115 -0.370922
0.735093 -0.293549
0.73607 -0.40995
0.737048 -0.454189
0.738025 -0.536442
0.739003 -0.60706
0.73998 -0.555784
0.740958 -0.609165
0.741935 -0.818553
0.742913 -0.614097
0.743891 -0.724543
0.744868 -0.6576
0.745846 -0.768739
0.746823 -0.659266
0.747801 -0.694368
0.748778 -0.718302
0.749756 -0.752829
0.750733 -0.797278
0.751711 -0.801844
0.752688 -0.730888
0.753666 -0.873815
0.754643 -0.930264
0.755621 -0.7822
0.756598 -0.599469
0.757576 -0.607222
0.758553 -0.499992
0.759531 -0.513248
0.760508 -0.484074
0.761486 -0.610793
0.762463 -0.649046
0.763441 -0.801956
0.764418 -0.683712
0.765396 -0.854264
0.766373 -0.830842
0.767351 -0.988021
0.768328 -0.913677
0.769306 -0.999807
0.770283 -0.889636
0.771261 -0.821604
0.772238 -0.937391
0.773216 -0.946277
0.774194 -0.814584
0.775171 -0.655867
0.776149 -0.886194
0.777126 -0.942263
0.778104 -0.927458
0.779081 -0.84695
0.780059 -0.797216
0.781036 -0.653414
0.782014 -0.787853
0.782991 -0.746836
0.783969 -0.529143
0.784946 -0.714951
0.785924 -0.706612
0.786901 -0.800936
0.787879 -0.670984
0.788856 -0.618051
0.789834 -0.711381
0.790811 -0.728465
0.791789 -0.405607
0.792766 -0.476048
0.793744 -0.464022
0.794721 -0.468473
0.795699 -0.74354
0.796676 -0.712055
0.797654 -0.649476
0.798631 -0.544276
0.799609 -0.617449
0.800587 -0.468403
0.801564 -0.323573
0.802542 -0.292824
0.803519 -0.363955
0.804497 -0.245307
0.805474 -0.484309
0.806452 -0.423985
0.807429 -0.339298
0.808407 -0.235317
0.809384 -0.270506
0.810362 -0.375545
0.811339 -0.412539
0.812317 -0.303428
0.813294 -0.159014
0.814272 -0.391299
0.815249 -0.48388
0.816227 -0.66095
0.817204 -0.514777
0.818182 -0.601621
0.819159 -0.226318
0.820137 -0.577106
0.821114 -0.580123
0.822092 -0.514391
0.823069 -0.789077
0.824047 -0.703708
0.825024 -0.812787
0.826002 -0.828043
0.826979 -0.945983
0.827957 -0.970145
0.828934 -0.759322
0.829912 -0.671217
0.83089 -0.609669
0.831867 -0.681881
0.832845 -0.520321
0.833822 -0.384445
0.8348 -0.448689
0.835777 -0.397894
0.836755 -0.357797
0.837732 -0.292161
0.83871 -0.405386
0.839687 -0.567212
0.840665 -0.528416
0.841642 -0.354098
0.84262 -0.402021
0.843597 -0.333297
0.844575 -0.52861
0.845552 -0.436704
0.84653 -0.649913
0.847507 -0.705828
0.848485 -0.627396
0.849462 -0.910059
0.85044 -0.727777
0.851417 -0.874209
0.852395 -0.769488
0.853372 -0.889448
0.85435 -0.835804
0.855327 -0.879327
0.856305 -0.585676
0.857283 -0.862261
0.85826 -1.06175
0.859238 -0.898071
0.860215 -0.943424
0.861193 -1.02052
0.86217 -1.04682
0.863148 -0.786846
0.864125 -0.682472
0.865103 -0.698193
0.86608 -0.619001
0.867058 -0.591037
0.868035 -0.540623
0.869013 -0.619239
0.86999 -0.569248
0.870968 -0.519606
0.871945 -0.515894
0.872923 -0.426627
0.8739 -0.421181
0.874878 -0.279877
0.875855 -0.466338
0.876833 -0.408682
0.87781 -0.493291
0.878788 -0.439823
0.879765 -0.540402
0.880743 -0.570453
0.88172 -0.710906
0.882698 -0.579494
0.883675 -0.487446
0.884653 -0.679488
0.88563 -0.713454
0.886608 -0.786133
0.887586 -0.476299
0.888563 -0.471874
0.889541 -0.666976
0.890518 -0.641681
0.891496 -0.836238
0.892473 -0.798286
0.893451 -0.52402
0.894428 -0.548702
0.895406 -0.470054
0.896383 -0.483074
0.897361 -0.738848
0.898338 -0.611693
0.899316 -0.671231
0.900293 -0.621878
0.901271 -0.530873
0.902248 -0.778715
0.903226 -0.772755
0.904203 -0.597888
0.905181 -0.685205
0.906158 -0.724457
0.907136 -0.807447
0.908113 -0.842906
0.909091 -0.875604
0.910068 -0.921147
0.911046 -0.896706
0.912023 -0.945647
0.913001 -1.01819
0.913979 -0.983165
0.914956 -1.0598
0.915934 -0.912768
0.916911 -0.83271
0.917889 -1.01999
0.918866 -0.863
0.919844 -0.880157
0.920821 -0.91912
0.921799 -1.12845
0.922776 -1.06408
0.923754 -1.14842
0.924731 -1.09138
0.925709 -0.978478
0.926686 -1.0299
0.927664 -1.00933
0.928641 -0.900399
0.929619 -1.23984
0.930596 -1.2245
0.931574 -0.987915
0.932551 -1.11192
0.933529 -0.953123
0.934506 -1.08535
0.935484 -1.05151
0.936461 -0.924852
0.937439 -0.979562
0.938416 -0.848452
0.939394 -0.812858
0.940371 -0.783091
0.941349 -0.641409
0.942326 -0.542414
0.943304 -0.487958
0.944282 -0.430208
0.945259 -0.40463
0.946237 -0.611495
0.947214 -0.576721
0.948192 -0.451037
0.949169 -0.534259
0.950147 -0.615337
0.951124 -0.699883
0.952102 -0.514394
0.953079 -0.640918
0.954057 -0.428963
0.955034 -0.5393
0.956012 -0.317767
0.956989 -0.399503
0.957967 -0.383873
0.958944 -0.489286
0.959922 -0.426376
0.960899 -0.459657
0.961877 -0.438182
0.962854 -0.387634
0.963832 -0.41155
0.964809 -0.394405
0.965787 -0.498436
0.966764 -0.447908
0.967742 -0.614002
0.968719 -0.764561
0.969697 -0.961179
0.970675 -0.874075
0.971652 -0.780128
0.97263 -0.79395
0.973607 -1.02699
0.974585 -0.745757
0.975562 -0.869454
0.97654 -0.927543
0.977517 -0.942642
0.978495 -0.956719
0.979472 -0.979015
0.98045 -0.889044
0.981427 -0.924864
0.982405 -0.7842
0.983382 -0.782367
0.98436 -0.893996
0.985337 -0.938495
0.986315 -0.644872
0.987292 -0.755307
0.98827 -0.776127
0.989247 -0.679355
0.990225 -0.718356
0.991202 -0.686758
0.99218 -0.594643
0.993157 -0.477702
0.994135 -0.443804
0.995112 -0.594094
0.99609 -0.551292
0.997067 -0.64565
0.998045 -0.666034
0.999022 -0.560733
1 -0.614464
